0 0.776522
1 0.658955
2 0.584573
3 0.531105
4 0.489311
5 0.454521
6 0.424207
7 0.396976
8 0.372054
9 0.349007
10 0.327584
11 0.307632
12 0.289046
13 0.271744
14 0.255653
15 0.240705
16 0.226829
17 0.213958
18 0.202021
19 0.190953
20 0.18069
21 0.171168
22 0.16233
23 0.154121
24 0.14649
25 0.139389
26 0.132776
27 0.12661
28 0.120856
29 0.115478
30 0.110447
31 0.105736
32 0.101318
33 0.0971703
34 0.0932725
35 0.089605
36 0.0861504
37 0.0828928
38 0.0798176
39 0.0769116
40 0.0741626
41 0.0715594
42 0.069092
43 0.066751
44 0.0645278
45 0.0624146
46 0.0604042
47 0.05849
48 0.0566657
49 0.0549258
50 0.053265
51 0.0516786
52 0.050162
53 0.0487111
54 0.0473221
55 0.0459915
56 0.0447159
57 0.0434922
58 0.0423177
59 0.0411896
60 0.0401055
61 0.039063
62 0.0380599
63 0.0370944
64 0.0361644
65 0.0352681
66 0.034404
67 0.0335704
68 0.032766
69 0.0319892
70 0.0312388
71 0.0305136
72 0.0298125
73 0.0291343
74 0.0284781
75 0.0278428
76 0.0272276
77 0.0266317
78 0.0260541
79 0.0254941
80 0.024951
81 0.0244241
82 0.0239127
83 0.0234163
84 0.0229342
85 0.0224659
86 0.0220108
87 0.0215685
88 0.0211384
89 0.0207201
90 0.0203131
91 0.0199171
92 0.0195316
93 0.0191563
94 0.0187908
95 0.0184347
96 0.0180878
97 0.0177497
98 0.0174201
99 0.0170987
100 0.0167853
101 0.0164795
102 0.0161812
103 0.0158901
104 0.0156059
105 0.0153285
106 0.0150576
107 0.014793
108 0.0145345
109 0.014282
110 0.0140353
111 0.0137941
112 0.0135583
113 0.0133278
114 0.0131023
115 0.0128818
116 0.0126662
117 0.0124551
118 0.0122487
119 0.0120466
120 0.0118488
121 0.0116552
122 0.0114656
123 0.0112799
124 0.0110981
125 0.01092
126 0.0107456
127 0.0105746
128 0.0104071
129 0.010243
130 0.0100821
131 0.00992441
132 0.00976981
133 0.00961822
134 0.00946957
135 0.00932379
136 0.00918081
137 0.00904055
138 0.00890296
139 0.00876796
140 0.0086355
141 0.00850552
142 0.00837794
143 0.00825273
144 0.00812982
145 0.00800915
146 0.00789069
147 0.00777437
148 0.00766014
149 0.00754797
150 0.0074378
151 0.00732959
