0 0.501003
1 0.874245
2 0.613257
3 0.104974
4 0.219502
5 0.0759628
6 0.138293
7 0.0182561
8 0.0169199
9 0.0155572
10 0.0143139
11 0.0132265
12 0.0122764
13 0.0114411
14 0.010702
15 0.0100436
16 0.00945363
17 0.00892217
18 0.00844104
19 0.00800352
20 0.00760403
21 0.00723791
22 0.0069012
23 0.00659055
24 0.00630311
25 0.0060364
26 0.00578831
27 0.00555697
28 0.00534079
29 0.00513835
30 0.0049484
31 0.00476984
32 0.0046017
33 0.00444312
34 0.00429331
35 0.00415158
36 0.00401732
37 0.00388995
38 0.00376899
39 0.00365395
40 0.00354444
41 0.00344008
42 0.00334051
43 0.00324542
44 0.00315453
45 0.00306757
46 0.0029843
47 0.0029045
48 0.00282796
49 0.0027545
50 0.00268393
51 0.00261609
52 0.00255084
53 0.00248803
54 0.00242754
55 0.00236924
56 0.00231302
57 0.00225878
58 0.00220642
59 0.00215584
60 0.00210696
61 0.0020597
62 0.00201399
63 0.00196975
64 0.00192691
65 0.00188542
66 0.00184521
67 0.00180623
68 0.00176843
69 0.00173176
70 0.00169616
71 0.0016616
72 0.00162803
73 0.00159541
74 0.00156371
75 0.00153289
76 0.00150292
77 0.00147376
78 0.00144539
79 0.00141777
80 0.00139087
81 0.00136468
82 0.00133916
83 0.00131429
84 0.00129005
85 0.00126642
86 0.00124337
87 0.00122089
88 0.00119896
89 0.00117756
90 0.00115666
91 0.00113627
92 0.00111635
93 0.00109689
94 0.00107789
95 0.00105932
96 0.00104117
97 0.00102343
98 0.00100609
99 0.00098913
100 0.000972545
101 0.000956323
102 0.000940452
103 0.000924923
104 0.000909726
105 0.000894851
106 0.000880289
107 0.000866032
108 0.000852071
109 0.000838398
110 0.000825006
111 0.000811886
112 0.000799031
113 0.000786435
114 0.00077409
115 0.000761991
116 0.00075013
117 0.000738502
118 0.000727101
119 0.00071592
120 0.000704955
121 0.0006942
122 0.00068365
123 0.0006733
124 0.000663144
125 0.00065318
126 0.0006434
127 0.000633803
128 0.000624382
129 0.000615134
130 0.000606055
131 0.000597141
132 0.000588389
133 0.000579794
134 0.000571352
135 0.000563062
136 0.000554918
137 0.000546919
138 0.00053906
139 0.000531338
140 0.000523751
141 0.000516296
142 0.00050897
143 0.00050177
144 0.000494694
145 0.000487738
146 0.0004809
147 0.000474179
148 0.00046757
149 0.000461073
150 0.000454685
151 0.000448403
