0 0.509179
1 0.999713
2 0.999707
3 0.999701
4 0.999695
5 0.999689
6 0.999683
7 0.999676
8 0.999669
9 0.999662
10 0.999655
11 0.999648
12 0.99964
13 0.999632
14 0.999624
15 0.999616
16 0.999607
17 0.999599
18 0.999589
19 0.99958
20 0.99957
21 0.99956
22 0.99955
23 0.999539
24 0.999527
25 0.999516
26 0.999504
27 0.999491
28 0.999478
29 0.999464
30 0.99945
31 0.999435
32 0.999419
33 0.999403
34 0.999386
35 0.999368
36 0.99935
37 0.99933
38 0.99931
39 0.999288
40 0.999266
41 0.999242
42 0.999216
43 0.99919
44 0.999162
45 0.999132
46 0.9991
47 0.999066
48 0.99903
49 0.998991
50 0.99895
51 0.998906
52 0.998858
53 0.998806
54 0.998751
55 0.99869
56 0.998624
57 0.998552
58 0.998473
59 0.998386
60 0.99829
61 0.998182
62 0.998062
63 0.997926
64 0.997772
65 0.997596
66 0.997391
67 0.997153
68 0.99687
69 0.996531
70 0.996116
71 0.995598
72 0.994934
73 0.994055
74 0.992841
75 0.991068
76 0.988267
77 0.983294
78 0.972613
79 0.939939
80 0.723057
81 0.000379264
82 0.000354357
83 0.000334125
84 0.000317344
85 0.00030317
86 0.000291011
87 0.000280435
88 0.00027112
89 0.000262826
90 0.000255366
91 0.000248595
92 0.0002424
93 0.000236689
94 0.00023139
95 0.000226443
96 0.000221799
97 0.000217419
98 0.000213269
99 0.000209322
100 0.000205554
101 0.000201946
102 0.000198481
103 0.000195145
104 0.000191927
105 0.000188815
106 0.0001858
107 0.000182875
108 0.000180033
109 0.000177269
110 0.000174576
111 0.00017195
112 0.000169387
113 0.000166884
114 0.000164438
115 0.000162045
116 0.000159702
117 0.000157409
118 0.000155162
119 0.000152959
120 0.000150799
121 0.000148681
122 0.000146602
123 0.000144561
124 0.000142558
125 0.000140591
126 0.000138658
127 0.000136759
128 0.000134894
129 0.00013306
130 0.000131257
131 0.000129485
132 0.000127743
133 0.000126029
134 0.000124344
135 0.000122686
136 0.000121055
137 0.000119451
138 0.000117873
139 0.000116319
140 0.000114791
141 0.000113286
142 0.000111806
143 0.000110349
144 0.000108914
145 0.000107502
146 0.000106112
147 0.000104743
148 0.000103396
149 0.000102069
150 0.000100763
151 9.94765e-05
