0 0.510029
1 0.640588
2 0.292154
3 0.325344
4 0.158214
5 0.17711
6 0.0958211
7 0.0908352
8 0.0704295
9 0.06231
10 0.0545378
11 0.0485041
12 0.0435423
13 0.0394094
14 0.0359207
15 0.0329413
16 0.0303705
17 0.0281322
18 0.0261678
19 0.0244312
20 0.0228861
21 0.0215033
22 0.0202593
23 0.0191347
24 0.0181135
25 0.0171825
26 0.0163305
27 0.0155483
28 0.0148276
29 0.0141619
30 0.0135451
31 0.0129722
32 0.0124388
33 0.0119411
34 0.0114757
35 0.0110396
36 0.0106303
37 0.0102453
38 0.00988274
39 0.00954065
40 0.00921744
41 0.00891161
42 0.00862186
43 0.00834698
44 0.00808588
45 0.0078376
46 0.00760124
47 0.00737598
48 0.0071611
49 0.0069559
50 0.00675978
51 0.00657217
52 0.00639254
53 0.00622041
54 0.00605533
55 0.00589691
56 0.00574476
57 0.00559853
58 0.00545789
59 0.00532255
60 0.00519221
61 0.00506663
62 0.00494555
63 0.00482875
64 0.00471601
65 0.00460714
66 0.00450196
67 0.00440027
68 0.00430193
69 0.00420678
70 0.00411466
71 0.00402546
72 0.00393903
73 0.00385526
74 0.00377404
75 0.00369525
76 0.00361879
77 0.00354457
78 0.0034725
79 0.00340249
80 0.00333446
81 0.00326833
82 0.00320402
83 0.00314148
84 0.00308062
85 0.0030214
86 0.00296374
87 0.0029076
88 0.00285291
89 0.00279963
90 0.0027477
91 0.00269708
92 0.00264772
93 0.00259959
94 0.00255263
95 0.00250681
96 0.0024621
97 0.00241845
98 0.00237584
99 0.00233422
100 0.00229357
101 0.00225385
102 0.00221505
103 0.00217712
104 0.00214005
105 0.0021038
106 0.00206836
107 0.0020337
108 0.00199979
109 0.00196662
110 0.00193415
111 0.00190239
112 0.00187129
113 0.00184085
114 0.00181104
115 0.00178186
116 0.00175327
117 0.00172527
118 0.00169784
119 0.00167097
120 0.00164463
121 0.00161882
122 0.00159352
123 0.00156872
124 0.0015444
125 0.00152056
126 0.00149718
127 0.00147425
128 0.00145176
129 0.0014297
130 0.00140805
131 0.00138682
132 0.00136598
133 0.00134553
134 0.00132545
135 0.00130575
136 0.00128641
137 0.00126742
138 0.00124878
139 0.00123047
140 0.00121249
141 0.00119484
142 0.00117749
143 0.00116046
144 0.00114373
145 0.00112729
146 0.00111114
147 0.00109527
148 0.00107967
149 0.00106435
150 0.00104928
151 0.00103448
