0 0.250005
1 0.250169
2 0.250265
3 0.250293
4 0.250321
5 0.250355
6 0.250385
7 0.250404
8 0.250407
9 0.250395
10 0.250365
11 0.250321
12 0.250262
13 0.25019
14 0.250106
15 0.250011
16 0.249905
17 0.249788
18 0.24966
19 0.249522
20 0.249374
21 0.249213
22 0.249041
23 0.248857
24 0.248658
25 0.248446
26 0.248218
27 0.247972
28 0.247709
29 0.247426
30 0.247121
31 0.246792
32 0.246438
33 0.246055
34 0.245641
35 0.245194
36 0.244709
37 0.244184
38 0.243613
39 0.242993
40 0.242318
41 0.241582
42 0.240779
43 0.239901
44 0.238942
45 0.237892
46 0.236741
47 0.235481
48 0.234101
49 0.232592
50 0.230945
51 0.229152
52 0.22721
53 0.225119
54 0.222887
55 0.22053
56 0.218072
57 0.215549
58 0.213005
59 0.210488
60 0.208048
61 0.20573
62 0.203565
63 0.201573
64 0.199757
65 0.198112
66 0.196622
67 0.195269
68 0.194034
69 0.192901
70 0.191856
71 0.190886
72 0.189983
73 0.189139
74 0.188348
75 0.187606
76 0.186908
77 0.186251
78 0.185632
79 0.185049
80 0.184497
81 0.183977
82 0.183484
83 0.183018
84 0.182577
85 0.182158
86 0.18176
87 0.181383
88 0.181023
89 0.180681
90 0.180355
91 0.180044
92 0.179747
93 0.179463
94 0.179192
95 0.178932
96 0.178683
97 0.178444
98 0.178214
99 0.177994
100 0.177782
101 0.177578
102 0.177381
103 0.177192
104 0.177009
105 0.176833
106 0.176663
107 0.176499
108 0.17634
109 0.176186
110 0.176037
111 0.175893
112 0.175754
113 0.175619
114 0.175488
115 0.17536
116 0.175237
117 0.175117
118 0.175
119 0.174887
120 0.174777
121 0.17467
122 0.174566
123 0.174464
124 0.174365
125 0.174269
126 0.174175
127 0.174084
128 0.173995
129 0.173908
130 0.173823
131 0.17374
132 0.173659
133 0.17358
134 0.173503
135 0.173428
136 0.173354
137 0.173282
138 0.173212
139 0.173143
140 0.173075
141 0.173009
142 0.172945
143 0.172882
144 0.17282
145 0.172759
146 0.1727
147 0.172642
148 0.172585
149 0.172529
150 0.172474
151 0.17242
152 0.172367
153 0.172316
154 0.172265
155 0.172215
156 0.172166
157 0.172118
158 0.172071
159 0.172025
160 0.17198
161 0.171935
162 0.171891
163 0.171848
164 0.171806
165 0.171764
166 0.171723
167 0.171683
168 0.171643
169 0.171604
170 0.171566
171 0.171528
172 0.171491
173 0.171455
174 0.171419
175 0.171384
176 0.171349
177 0.171315
178 0.171281
179 0.171248
180 0.171215
181 0.171183
182 0.171151
183 0.17112
184 0.171089
185 0.171059
186 0.171029
187 0.170999
188 0.17097
189 0.170942
190 0.170914
191 0.170886
192 0.170858
193 0.170831
194 0.170804
195 0.170778
196 0.170752
197 0.170726
198 0.170701
199 0.170676
200 0.170652
201 0.170627
202 0.170603
203 0.17058
204 0.170556
205 0.170533
206 0.17051
207 0.170488
208 0.170466
209 0.170444
210 0.170422
211 0.170401
212 0.17038
213 0.170359
214 0.170338
215 0.170318
216 0.170298
217 0.170278
218 0.170258
219 0.170239
220 0.170219
221 0.1702
222 0.170182
223 0.170163
224 0.170145
225 0.170127
226 0.170109
227 0.170091
228 0.170073
229 0.170056
230 0.170039
231 0.170022
232 0.170005
233 0.169989
234 0.169972
235 0.169956
236 0.16994
237 0.169924
238 0.169908
239 0.169893
240 0.169877
241 0.169862
242 0.169847
243 0.169832
244 0.169817
245 0.169803
246 0.169788
247 0.169774
248 0.16976
249 0.169746
250 0.169732
251 0.169718
252 0.169704
253 0.169691
254 0.169678
255 0.169664
256 0.169651
257 0.169638
258 0.169625
259 0.169613
260 0.1696
261 0.169588
262 0.169575
263 0.169563
264 0.169551
265 0.169539
266 0.169527
267 0.169515
268 0.169503
269 0.169492
270 0.16948
271 0.169469
272 0.169458
273 0.169446
274 0.169435
275 0.169424
276 0.169413
277 0.169403
278 0.169392
279 0.169381
280 0.169371
281 0.16936
282 0.16935
283 0.16934
284 0.16933
285 0.16932
286 0.16931
287 0.1693
288 0.16929
289 0.16928
290 0.169271
291 0.169261
292 0.169251
293 0.169242
294 0.169233
295 0.169223
296 0.169214
297 0.169205
298 0.169196
299 0.169187
300 0.169178
301 0.169169
302 0.169161
303 0.169152
304 0.169143
305 0.169135
306 0.169126
307 0.169118
308 0.16911
309 0.169101
310 0.169093
311 0.169085
312 0.169077
313 0.169069
314 0.169061
315 0.169053
316 0.169045
317 0.169037
318 0.169029
319 0.169022
320 0.169014
321 0.169007
322 0.168999
323 0.168992
324 0.168984
325 0.168977
326 0.16897
327 0.168962
328 0.168955
329 0.168948
330 0.168941
331 0.168934
332 0.168927
333 0.16892
334 0.168913
335 0.168906
336 0.168899
337 0.168893
338 0.168886
339 0.168879
340 0.168873
341 0.168866
342 0.16886
343 0.168853
344 0.168847
345 0.16884
346 0.168834
347 0.168828
348 0.168821
349 0.168815
350 0.168809
351 0.168803
352 0.168797
353 0.168791
354 0.168785
355 0.168779
356 0.168773
357 0.168767
358 0.168761
359 0.168755
360 0.168749
361 0.168744
362 0.168738
363 0.168732
364 0.168727
365 0.168721
366 0.168716
367 0.16871
368 0.168705
369 0.168699
370 0.168694
371 0.168688
372 0.168683
373 0.168678
374 0.168672
375 0.168667
376 0.168662
377 0.168657
378 0.168652
379 0.168646
380 0.168641
381 0.168636
382 0.168631
383 0.168626
384 0.168621
385 0.168616
386 0.168611
387 0.168606
388 0.168602
389 0.168597
390 0.168592
391 0.168587
392 0.168582
393 0.168578
394 0.168573
395 0.168568
396 0.168564
397 0.168559
398 0.168555
399 0.16855
400 0.168546
401 0.168541
402 0.168537
403 0.168532
404 0.168528
405 0.168523
406 0.168519
407 0.168515
408 0.16851
409 0.168506
410 0.168502
411 0.168497
412 0.168493
413 0.168489
414 0.168485
415 0.168481
416 0.168476
417 0.168472
418 0.168468
419 0.168464
420 0.16846
421 0.168456
422 0.168452
423 0.168448
424 0.168444
425 0.16844
426 0.168436
427 0.168432
428 0.168429
429 0.168425
430 0.168421
431 0.168417
432 0.168413
433 0.168409
434 0.168406
435 0.168402
436 0.168398
437 0.168395
438 0.168391
439 0.168387
440 0.168384
441 0.16838
442 0.168376
443 0.168373
444 0.168369
445 0.168366
446 0.168362
447 0.168359
448 0.168355
449 0.168352
450 0.168348
451 0.168345
452 0.168341
453 0.168338
454 0.168334
455 0.168331
456 0.168328
457 0.168324
458 0.168321
459 0.168318
460 0.168314
461 0.168311
462 0.168308
463 0.168305
464 0.168301
465 0.168298
466 0.168295
467 0.168292
468 0.168289
469 0.168286
470 0.168282
471 0.168279
472 0.168276
473 0.168273
474 0.16827
475 0.168267
476 0.168264
477 0.168261
478 0.168258
479 0.168255
480 0.168252
481 0.168249
482 0.168246
483 0.168243
484 0.16824
485 0.168237
486 0.168234
487 0.168231
488 0.168228
489 0.168226
490 0.168223
491 0.16822
492 0.168217
493 0.168214
494 0.168211
495 0.168209
496 0.168206
497 0.168203
498 0.1682
499 0.168198
500 0.168195
501 0.168192
502 0.168189
503 0.168187
504 0.168184
505 0.168181
506 0.168179
507 0.168176
508 0.168173
509 0.168171
510 0.168168
511 0.168166
512 0.168163
513 0.16816
514 0.168158
515 0.168155
516 0.168153
517 0.16815
518 0.168148
519 0.168145
520 0.168143
521 0.16814
522 0.168138
523 0.168135
524 0.168133
525 0.16813
526 0.168128
527 0.168126
528 0.168123
529 0.168121
530 0.168118
531 0.168116
532 0.168114
533 0.168111
534 0.168109
535 0.168107
536 0.168104
537 0.168102
538 0.1681
539 0.168097
540 0.168095
541 0.168093
542 0.16809
543 0.168088
544 0.168086
545 0.168084
546 0.168081
547 0.168079
548 0.168077
549 0.168075
550 0.168072
551 0.16807
552 0.168068
553 0.168066
554 0.168064
555 0.168062
556 0.168059
557 0.168057
558 0.168055
559 0.168053
560 0.168051
561 0.168049
562 0.168047
563 0.168045
564 0.168042
565 0.16804
566 0.168038
567 0.168036
568 0.168034
569 0.168032
570 0.16803
571 0.168028
572 0.168026
573 0.168024
574 0.168022
575 0.16802
576 0.168018
577 0.168016
578 0.168014
579 0.168012
580 0.16801
581 0.168008
582 0.168006
583 0.168004
584 0.168002
585 0.168001
586 0.167999
587 0.167997
588 0.167995
589 0.167993
590 0.167991
591 0.167989
592 0.167987
593 0.167985
594 0.167984
595 0.167982
596 0.16798
597 0.167978
598 0.167976
599 0.167974
600 0.167972
601 0.167971
602 0.167969
603 0.167967
604 0.167965
605 0.167964
606 0.167962
607 0.16796
608 0.167958
609 0.167956
610 0.167955
611 0.167953
612 0.167951
613 0.167949
614 0.167948
615 0.167946
616 0.167944
617 0.167943
618 0.167941
619 0.167939
620 0.167937
621 0.167936
622 0.167934
623 0.167932
624 0.167931
625 0.167929
626 0.167927
627 0.167926
628 0.167924
629 0.167922
630 0.167921
631 0.167919
632 0.167918
633 0.167916
634 0.167914
635 0.167913
636 0.167911
637 0.16791
638 0.167908
639 0.167906
640 0.167905
641 0.167903
642 0.167902
643 0.1679
644 0.167899
645 0.167897
646 0.167895
647 0.167894
648 0.167892
649 0.167891
650 0.167889
651 0.167888
652 0.167886
653 0.167885
654 0.167883
655 0.167882
656 0.16788
657 0.167879
658 0.167877
659 0.167876
660 0.167874
661 0.167873
662 0.167871
663 0.16787
664 0.167869
665 0.167867
666 0.167866
667 0.167864
668 0.167863
669 0.167861
670 0.16786
671 0.167858
672 0.167857
673 0.167856
674 0.167854
675 0.167853
676 0.167851
677 0.16785
678 0.167849
679 0.167847
680 0.167846
681 0.167844
682 0.167843
683 0.167842
684 0.16784
685 0.167839
686 0.167838
687 0.167836
688 0.167835
689 0.167834
690 0.167832
691 0.167831
692 0.16783
693 0.167828
694 0.167827
695 0.167826
696 0.167824
697 0.167823
698 0.167822
699 0.16782
700 0.167819
701 0.167818
702 0.167817
703 0.167815
704 0.167814
705 0.167813
706 0.167811
707 0.16781
708 0.167809
709 0.167808
710 0.167806
711 0.167805
712 0.167804
713 0.167803
714 0.167801
715 0.1678
716 0.167799
717 0.167798
718 0.167796
719 0.167795
720 0.167794
721 0.167793
722 0.167792
723 0.16779
724 0.167789
725 0.167788
726 0.167787
727 0.167786
728 0.167784
729 0.167783
730 0.167782
731 0.167781
732 0.16778
733 0.167778
734 0.167777
735 0.167776
736 0.167775
737 0.167774
738 0.167773
739 0.167771
740 0.16777
741 0.167769
742 0.167768
743 0.167767
744 0.167766
745 0.167765
746 0.167763
747 0.167762
748 0.167761
749 0.16776
750 0.167759
751 0.167758
752 0.167757
753 0.167756
754 0.167755
755 0.167753
756 0.167752
757 0.167751
758 0.16775
759 0.167749
760 0.167748
761 0.167747
762 0.167746
763 0.167745
764 0.167744
765 0.167743
766 0.167742
767 0.16774
768 0.167739
769 0.167738
770 0.167737
771 0.167736
772 0.167735
773 0.167734
774 0.167733
775 0.167732
776 0.167731
777 0.16773
778 0.167729
779 0.167728
780 0.167727
781 0.167726
782 0.167725
783 0.167724
784 0.167723
785 0.167722
786 0.167721
787 0.16772
788 0.167719
789 0.167718
790 0.167717
791 0.167716
792 0.167715
793 0.167714
794 0.167713
795 0.167712
796 0.167711
797 0.16771
798 0.167709
799 0.167708
800 0.167707
801 0.167706
802 0.167705
803 0.167704
804 0.167703
805 0.167702
806 0.167701
807 0.1677
808 0.167699
809 0.167698
810 0.167697
811 0.167696
812 0.167696
813 0.167695
814 0.167694
815 0.167693
816 0.167692
817 0.167691
818 0.16769
819 0.167689
820 0.167688
821 0.167687
822 0.167686
823 0.167685
824 0.167684
825 0.167684
826 0.167683
827 0.167682
828 0.167681
829 0.16768
830 0.167679
831 0.167678
832 0.167677
833 0.167676
834 0.167675
835 0.167675
836 0.167674
837 0.167673
838 0.167672
839 0.167671
840 0.16767
841 0.167669
842 0.167668
843 0.167668
844 0.167667
845 0.167666
846 0.167665
847 0.167664
848 0.167663
849 0.167662
850 0.167662
851 0.167661
852 0.16766
853 0.167659
854 0.167658
855 0.167657
856 0.167656
857 0.167656
858 0.167655
859 0.167654
860 0.167653
861 0.167652
862 0.167651
863 0.167651
864 0.16765
865 0.167649
866 0.167648
867 0.167647
868 0.167647
869 0.167646
870 0.167645
871 0.167644
872 0.167643
873 0.167643
874 0.167642
875 0.167641
876 0.16764
877 0.167639
878 0.167639
879 0.167638
880 0.167637
881 0.167636
882 0.167635
883 0.167635
884 0.167634
885 0.167633
886 0.167632
887 0.167631
888 0.167631
889 0.16763
890 0.167629
891 0.167628
892 0.167628
893 0.167627
894 0.167626
895 0.167625
896 0.167625
897 0.167624
898 0.167623
899 0.167622
900 0.167622
901 0.167621
902 0.16762
903 0.167619
904 0.167619
905 0.167618
906 0.167617
907 0.167616
908 0.167616
909 0.167615
910 0.167614
911 0.167613
912 0.167613
913 0.167612
914 0.167611
915 0.16761
916 0.16761
917 0.167609
918 0.167608
919 0.167608
920 0.167607
921 0.167606
922 0.167605
923 0.167605
924 0.167604
925 0.167603
926 0.167603
927 0.167602
928 0.167601
929 0.1676
930 0.1676
931 0.167599
932 0.167598
933 0.167598
934 0.167597
935 0.167596
936 0.167596
937 0.167595
938 0.167594
939 0.167593
940 0.167593
941 0.167592
942 0.167591
943 0.167591
944 0.16759
945 0.167589
946 0.167589
947 0.167588
948 0.167587
949 0.167587
950 0.167586
951 0.167585
952 0.167585
953 0.167584
954 0.167583
955 0.167583
956 0.167582
957 0.167581
958 0.167581
959 0.16758
960 0.167579
961 0.167579
962 0.167578
963 0.167577
964 0.167577
965 0.167576
966 0.167575
967 0.167575
968 0.167574
969 0.167574
970 0.167573
971 0.167572
972 0.167572
973 0.167571
974 0.16757
975 0.16757
976 0.167569
977 0.167568
978 0.167568
979 0.167567
980 0.167567
981 0.167566
982 0.167565
983 0.167565
984 0.167564
985 0.167563
986 0.167563
987 0.167562
988 0.167562
989 0.167561
990 0.16756
991 0.16756
992 0.167559
993 0.167558
994 0.167558
995 0.167557
996 0.167557
997 0.167556
998 0.167555
999 0.167555
1000 0.167554
1001 0.167554
1002 0.167553
1003 0.167552
1004 0.167552
1005 0.167551
1006 0.167551
1007 0.16755
1008 0.167549
1009 0.167549
1010 0.167548
1011 0.167548
1012 0.167547
1013 0.167547
1014 0.167546
1015 0.167545
1016 0.167545
1017 0.167544
1018 0.167544
1019 0.167543
1020 0.167542
1021 0.167542
1022 0.167541
1023 0.167541
1024 0.16754
1025 0.16754
1026 0.167539
1027 0.167538
1028 0.167538
1029 0.167537
1030 0.167537
1031 0.167536
1032 0.167536
1033 0.167535
1034 0.167535
1035 0.167534
1036 0.167533
1037 0.167533
1038 0.167532
1039 0.167532
1040 0.167531
1041 0.167531
1042 0.16753
1043 0.16753
1044 0.167529
1045 0.167528
1046 0.167528
1047 0.167527
1048 0.167527
1049 0.167526
1050 0.167526
1051 0.167525
1052 0.167525
1053 0.167524
1054 0.167524
1055 0.167523
1056 0.167522
1057 0.167522
1058 0.167521
1059 0.167521
1060 0.16752
1061 0.16752
1062 0.167519
1063 0.167519
1064 0.167518
1065 0.167518
1066 0.167517
1067 0.167517
1068 0.167516
1069 0.167516
1070 0.167515
1071 0.167515
1072 0.167514
1073 0.167514
1074 0.167513
1075 0.167513
1076 0.167512
1077 0.167511
1078 0.167511
1079 0.16751
1080 0.16751
1081 0.167509
1082 0.167509
1083 0.167508
1084 0.167508
1085 0.167507
1086 0.167507
1087 0.167506
1088 0.167506
1089 0.167505
1090 0.167505
1091 0.167504
1092 0.167504
1093 0.167503
1094 0.167503
1095 0.167502
1096 0.167502
1097 0.167501
1098 0.167501
1099 0.1675
1100 0.1675
1101 0.167499
1102 0.167499
1103 0.167498
1104 0.167498
1105 0.167498
1106 0.167497
1107 0.167497
1108 0.167496
1109 0.167496
1110 0.167495
1111 0.167495
1112 0.167494
1113 0.167494
1114 0.167493
1115 0.167493
1116 0.167492
1117 0.167492
1118 0.167491
1119 0.167491
1120 0.16749
1121 0.16749
1122 0.167489
1123 0.167489
1124 0.167488
1125 0.167488
1126 0.167488
1127 0.167487
1128 0.167487
1129 0.167486
1130 0.167486
1131 0.167485
1132 0.167485
1133 0.167484
1134 0.167484
1135 0.167483
1136 0.167483
1137 0.167482
1138 0.167482
1139 0.167482
1140 0.167481
1141 0.167481
1142 0.16748
1143 0.16748
1144 0.167479
1145 0.167479
1146 0.167478
1147 0.167478
1148 0.167477
1149 0.167477
1150 0.167477
1151 0.167476
1152 0.167476
1153 0.167475
1154 0.167475
1155 0.167474
1156 0.167474
1157 0.167473
1158 0.167473
1159 0.167473
1160 0.167472
1161 0.167472
1162 0.167471
1163 0.167471
1164 0.16747
1165 0.16747
1166 0.16747
1167 0.167469
1168 0.167469
1169 0.167468
1170 0.167468
1171 0.167467
1172 0.167467
1173 0.167466
1174 0.167466
1175 0.167466
1176 0.167465
1177 0.167465
1178 0.167464
1179 0.167464
1180 0.167464
1181 0.167463
1182 0.167463
1183 0.167462
1184 0.167462
1185 0.167461
1186 0.167461
1187 0.167461
1188 0.16746
1189 0.16746
1190 0.167459
1191 0.167459
1192 0.167458
1193 0.167458
1194 0.167458
1195 0.167457
1196 0.167457
1197 0.167456
1198 0.167456
1199 0.167456
1200 0.167455
1201 0.167455
1202 0.167454
1203 0.167454
1204 0.167454
1205 0.167453
1206 0.167453
1207 0.167452
1208 0.167452
1209 0.167452
1210 0.167451
1211 0.167451
1212 0.16745
1213 0.16745
1214 0.16745
1215 0.167449
1216 0.167449
1217 0.167448
1218 0.167448
1219 0.167448
1220 0.167447
1221 0.167447
1222 0.167446
1223 0.167446
1224 0.167446
1225 0.167445
1226 0.167445
1227 0.167444
1228 0.167444
1229 0.167444
1230 0.167443
1231 0.167443
1232 0.167443
1233 0.167442
1234 0.167442
1235 0.167441
1236 0.167441
1237 0.167441
1238 0.16744
1239 0.16744
1240 0.167439
1241 0.167439
1242 0.167439
1243 0.167438
1244 0.167438
1245 0.167438
1246 0.167437
1247 0.167437
1248 0.167436
1249 0.167436
1250 0.167436
1251 0.167435
1252 0.167435
1253 0.167435
1254 0.167434
1255 0.167434
1256 0.167433
1257 0.167433
1258 0.167433
1259 0.167432
1260 0.167432
1261 0.167432
1262 0.167431
1263 0.167431
1264 0.16743
1265 0.16743
1266 0.16743
1267 0.167429
1268 0.167429
1269 0.167429
1270 0.167428
1271 0.167428
1272 0.167428
1273 0.167427
1274 0.167427
1275 0.167426
1276 0.167426
1277 0.167426
1278 0.167425
1279 0.167425
1280 0.167425
1281 0.167424
1282 0.167424
1283 0.167424
1284 0.167423
1285 0.167423
1286 0.167423
1287 0.167422
1288 0.167422
1289 0.167422
1290 0.167421
1291 0.167421
1292 0.16742
1293 0.16742
1294 0.16742
1295 0.167419
1296 0.167419
1297 0.167419
1298 0.167418
1299 0.167418
1300 0.167418
1301 0.167417
1302 0.167417
1303 0.167417
1304 0.167416
1305 0.167416
1306 0.167416
1307 0.167415
1308 0.167415
1309 0.167415
1310 0.167414
1311 0.167414
1312 0.167414
1313 0.167413
1314 0.167413
1315 0.167413
1316 0.167412
1317 0.167412
1318 0.167412
1319 0.167411
1320 0.167411
1321 0.167411
1322 0.16741
1323 0.16741
1324 0.16741
1325 0.167409
1326 0.167409
1327 0.167409
1328 0.167408
1329 0.167408
1330 0.167408
1331 0.167407
1332 0.167407
1333 0.167407
1334 0.167406
1335 0.167406
1336 0.167406
1337 0.167405
1338 0.167405
1339 0.167405
1340 0.167404
1341 0.167404
1342 0.167404
1343 0.167403
1344 0.167403
1345 0.167403
1346 0.167402
1347 0.167402
1348 0.167402
1349 0.167401
1350 0.167401
1351 0.167401
1352 0.167401
1353 0.1674
1354 0.1674
1355 0.1674
1356 0.167399
1357 0.167399
1358 0.167399
1359 0.167398
1360 0.167398
1361 0.167398
1362 0.167397
1363 0.167397
1364 0.167397
1365 0.167396
1366 0.167396
1367 0.167396
1368 0.167395
1369 0.167395
1370 0.167395
1371 0.167395
1372 0.167394
1373 0.167394
1374 0.167394
1375 0.167393
1376 0.167393
1377 0.167393
1378 0.167392
1379 0.167392
1380 0.167392
1381 0.167392
1382 0.167391
1383 0.167391
1384 0.167391
1385 0.16739
1386 0.16739
1387 0.16739
1388 0.167389
1389 0.167389
1390 0.167389
1391 0.167388
1392 0.167388
1393 0.167388
1394 0.167388
1395 0.167387
1396 0.167387
1397 0.167387
1398 0.167386
1399 0.167386
1400 0.167386
1401 0.167386
1402 0.167385
1403 0.167385
1404 0.167385
1405 0.167384
1406 0.167384
1407 0.167384
1408 0.167383
1409 0.167383
1410 0.167383
1411 0.167383
1412 0.167382
1413 0.167382
1414 0.167382
1415 0.167381
1416 0.167381
1417 0.167381
1418 0.167381
1419 0.16738
1420 0.16738
1421 0.16738
1422 0.167379
1423 0.167379
1424 0.167379
1425 0.167379
1426 0.167378
1427 0.167378
1428 0.167378
1429 0.167377
1430 0.167377
1431 0.167377
1432 0.167377
1433 0.167376
1434 0.167376
1435 0.167376
1436 0.167375
1437 0.167375
1438 0.167375
1439 0.167375
1440 0.167374
1441 0.167374
1442 0.167374
1443 0.167374
1444 0.167373
1445 0.167373
1446 0.167373
1447 0.167372
1448 0.167372
1449 0.167372
1450 0.167372
1451 0.167371
1452 0.167371
1453 0.167371
1454 0.167371
1455 0.16737
1456 0.16737
1457 0.16737
1458 0.167369
1459 0.167369
1460 0.167369
1461 0.167369
1462 0.167368
1463 0.167368
1464 0.167368
1465 0.167368
1466 0.167367
1467 0.167367
1468 0.167367
1469 0.167366
1470 0.167366
1471 0.167366
1472 0.167366
1473 0.167365
1474 0.167365
1475 0.167365
1476 0.167365
1477 0.167364
1478 0.167364
1479 0.167364
1480 0.167364
1481 0.167363
1482 0.167363
1483 0.167363
1484 0.167363
1485 0.167362
1486 0.167362
1487 0.167362
1488 0.167361
1489 0.167361
1490 0.167361
1491 0.167361
1492 0.16736
1493 0.16736
1494 0.16736
1495 0.16736
1496 0.167359
1497 0.167359
1498 0.167359
1499 0.167359
1500 0.167358
