0 0.959119
1 0.973142
2 0.980927
3 0.985866
4 0.98758
5 0.989508
6 0.991075
7 0.992237
8 0.992923
9 0.993656
10 0.994307
11 0.994791
12 0.99516
13 0.995539
14 0.995889
15 0.996144
16 0.996375
17 0.996603
18 0.996819
19 0.996972
20 0.99713
21 0.997281
22 0.997426
23 0.997527
24 0.997642
25 0.997748
26 0.997852
27 0.997922
28 0.998009
29 0.998088
30 0.998166
31 0.998217
32 0.998285
33 0.998346
34 0.998405
35 0.998444
36 0.998499
37 0.998547
38 0.998594
39 0.998624
40 0.998669
41 0.998708
42 0.998746
43 0.99877
44 0.998808
45 0.998839
46 0.998871
47 0.99889
48 0.998922
49 0.998948
50 0.998975
51 0.998991
52 0.999018
53 0.99904
54 0.999063
55 0.999076
56 0.9991
57 0.999119
58 0.999138
59 0.999149
60 0.99917
61 0.999187
62 0.999203
63 0.999213
64 0.999231
65 0.999245
66 0.99926
67 0.999268
68 0.999285
69 0.999297
70 0.99931
71 0.999317
72 0.999332
73 0.999343
74 0.999354
75 0.99936
76 0.999373
77 0.999383
78 0.999393
79 0.999399
80 0.999411
81 0.99942
82 0.999429
83 0.999434
84 0.999444
85 0.999452
86 0.99946
87 0.999465
88 0.999474
89 0.999482
90 0.999489
91 0.999493
92 0.999502
93 0.999508
94 0.999515
95 0.999519
96 0.999527
97 0.999533
98 0.999539
99 0.999542
100 0.99955
101 0.999555
102 0.999561
103 0.999564
104 0.99957
105 0.999575
106 0.999581
107 0.999583
108 0.99959
109 0.999594
110 0.999599
111 0.999601
112 0.999607
113 0.999612
114 0.999616
115 0.999618
116 0.999624
117 0.999628
118 0.999632
119 0.999634
120 0.999639
121 0.999643
122 0.999646
123 0.999648
124 0.999653
125 0.999657
126 0.99966
127 0.999662
128 0.999666
129 0.999669
130 0.999673
131 0.999674
132 0.999679
133 0.999682
134 0.999685
135 0.999686
136 0.99969
137 0.999693
138 0.999696
139 0.999697
140 0.999701
141 0.999704
142 0.999706
143 0.999707
144 0.999711
145 0.999713
146 0.999716
147 0.999717
148 0.999721
149 0.999723
150 0.999725
151 0.999726
