0 0.29486
1 0.258386
2 0.252727
3 0.252211
4 0.252649
5 0.252993
6 0.252834
7 0.252174
8 0.251203
9 0.250117
10 0.249052
11 0.248064
12 0.247154
13 0.246289
14 0.245422
15 0.244503
16 0.243478
17 0.242295
18 0.240894
19 0.239217
20 0.237199
21 0.234783
22 0.231923
23 0.228596
24 0.224801
25 0.220541
26 0.215806
27 0.210607
28 0.205083
29 0.199561
30 0.194472
31 0.190127
32 0.186526
33 0.183366
34 0.180207
35 0.176616
36 0.172186
37 0.166501
38 0.159129
39 0.149728
40 0.138223
41 0.12488
42 0.110131
43 0.0945822
44 0.0794132
45 0.0662756
46 0.0559384
47 0.0475677
48 0.040607
49 0.0350662
50 0.0307425
51 0.0273365
52 0.0246022
53 0.0223639
54 0.0204992
55 0.0189219
56 0.0175701
57 0.0163984
58 0.0153729
59 0.0144676
60 0.0136624
61 0.0129414
62 0.0122921
63 0.0117041
64 0.0111692
65 0.0106804
66 0.010232
67 0.00981913
68 0.00943777
69 0.00908442
70 0.00875609
71 0.00845022
72 0.00816457
73 0.00789721
74 0.00764644
75 0.00741075
76 0.00718884
77 0.00697952
78 0.00678177
79 0.00659464
80 0.00641731
81 0.00624903
82 0.00608913
83 0.005937
84 0.00579209
85 0.0056539
86 0.00552198
87 0.00539591
88 0.00527531
89 0.00515984
90 0.00504917
91 0.00494302
92 0.00484112
93 0.00474322
94 0.00464909
95 0.00455851
96 0.0044713
97 0.00438726
98 0.00430623
99 0.00422806
100 0.00415259
101 0.00407969
102 0.00400923
103 0.0039411
104 0.00387517
105 0.00381134
106 0.00374953
107 0.00368962
108 0.00363155
109 0.00357522
110 0.00352055
111 0.00346749
112 0.00341595
113 0.00336588
114 0.00331721
115 0.00326988
116 0.00322385
117 0.00317906
118 0.00313545
119 0.00309299
120 0.00305163
121 0.00301133
122 0.00297205
123 0.00293375
124 0.00289639
125 0.00285995
126 0.00282438
127 0.00278966
128 0.00275576
129 0.00272264
130 0.00269029
131 0.00265868
132 0.00262778
133 0.00259757
134 0.00256802
135 0.00253912
136 0.00251084
137 0.00248316
138 0.00245607
139 0.00242955
140 0.00240358
141 0.00237814
142 0.00235322
143 0.0023288
144 0.00230486
145 0.0022814
146 0.0022584
147 0.00223584
148 0.00221371
149 0.00219201
150 0.00217071
151 0.00214982
152 0.00212931
153 0.00210917
154 0.0020894
155 0.00206999
156 0.00205092
157 0.00203219
158 0.0020138
159 0.00199572
160 0.00197795
161 0.00196049
162 0.00194332
163 0.00192645
164 0.00190985
165 0.00189353
166 0.00187748
167 0.00186169
168 0.00184616
169 0.00183088
170 0.00181584
171 0.00180104
172 0.00178647
173 0.00177212
174 0.001758
175 0.0017441
176 0.00173041
177 0.00171692
178 0.00170364
179 0.00169056
180 0.00167767
181 0.00166497
182 0.00165245
183 0.00164012
184 0.00162796
185 0.00161598
186 0.00160416
187 0.00159252
188 0.00158104
189 0.00156971
190 0.00155855
191 0.00154753
192 0.00153667
193 0.00152595
194 0.00151538
195 0.00150495
196 0.00149466
197 0.0014845
198 0.00147448
199 0.00146459
200 0.00145483
201 0.00144519
202 0.00143567
203 0.00142628
204 0.001417
205 0.00140785
206 0.0013988
207 0.00138987
208 0.00138105
209 0.00137233
210 0.00136373
211 0.00135522
212 0.00134682
213 0.00133852
214 0.00133032
215 0.00132222
216 0.00131421
217 0.0013063
218 0.00129847
219 0.00129074
220 0.0012831
221 0.00127555
222 0.00126808
223 0.00126069
224 0.00125339
225 0.00124617
226 0.00123903
227 0.00123197
228 0.00122499
229 0.00121809
230 0.00121126
231 0.0012045
232 0.00119782
233 0.00119121
234 0.00118466
235 0.00117819
236 0.00117179
237 0.00116546
238 0.00115919
239 0.00115298
240 0.00114684
241 0.00114077
242 0.00113475
243 0.0011288
244 0.00112291
245 0.00111708
246 0.00111131
247 0.00110559
248 0.00109993
249 0.00109433
250 0.00108878
251 0.00108329
252 0.00107785
253 0.00107246
254 0.00106713
255 0.00106185
256 0.00105661
257 0.00105143
258 0.0010463
259 0.00104122
260 0.00103618
261 0.00103119
262 0.00102625
263 0.00102135
264 0.0010165
265 0.0010117
266 0.00100693
267 0.00100221
268 0.000997538
