0 0.499882
1 0.499881
2 0.499881
3 0.499881
4 0.49988
5 0.49988
6 0.499879
7 0.499879
8 0.499879
9 0.499878
10 0.499878
11 0.499878
12 0.499877
13 0.499877
14 0.499876
15 0.499876
16 0.499876
17 0.499875
18 0.499875
19 0.499875
20 0.499874
21 0.499874
22 0.499873
23 0.499873
24 0.499873
25 0.499872
26 0.499872
27 0.499871
28 0.499871
29 0.49987
30 0.49987
31 0.49987
32 0.499869
33 0.499869
34 0.499868
35 0.499868
36 0.499867
37 0.499867
38 0.499867
39 0.499866
40 0.499866
41 0.499865
42 0.499865
43 0.499864
44 0.499864
45 0.499863
46 0.499863
47 0.499862
48 0.499862
49 0.499861
50 0.499861
51 0.499861
52 0.49986
53 0.49986
54 0.499859
55 0.499859
56 0.499858
57 0.499858
58 0.499857
59 0.499857
60 0.499856
61 0.499855
62 0.499855
63 0.499854
64 0.499854
65 0.499853
66 0.499853
67 0.499852
68 0.499852
69 0.499851
70 0.499851
71 0.49985
72 0.499849
73 0.499849
74 0.499848
75 0.499848
76 0.499847
77 0.499847
78 0.499846
79 0.499845
80 0.499845
81 0.499844
82 0.499844
83 0.499843
84 0.499842
85 0.499842
86 0.499841
87 0.49984
88 0.49984
89 0.499839
90 0.499838
91 0.499838
92 0.499837
93 0.499836
94 0.499836
95 0.499835
96 0.499834
97 0.499834
98 0.499833
99 0.499832
100 0.499832
101 0.499831
102 0.49983
103 0.49983
104 0.499829
105 0.499828
106 0.499827
107 0.499827
108 0.499826
109 0.499825
110 0.499824
111 0.499823
112 0.499823
113 0.499822
114 0.499821
115 0.49982
116 0.499819
117 0.499819
118 0.499818
119 0.499817
120 0.499816
121 0.499815
122 0.499814
123 0.499814
124 0.499813
125 0.499812
126 0.499811
127 0.49981
128 0.499809
129 0.499808
130 0.499807
131 0.499806
132 0.499805
133 0.499804
134 0.499803
135 0.499802
136 0.499802
137 0.499801
138 0.4998
139 0.499798
140 0.499797
141 0.499796
142 0.499795
143 0.499794
144 0.499793
145 0.499792
146 0.499791
147 0.49979
148 0.499789
149 0.499788
150 0.499787
151 0.499785
152 0.499784
153 0.499783
154 0.499782
155 0.499781
156 0.49978
157 0.499778
158 0.499777
159 0.499776
160 0.499775
161 0.499773
162 0.499772
163 0.499771
164 0.499769
165 0.499768
166 0.499767
167 0.499765
168 0.499764
169 0.499762
170 0.499761
171 0.49976
172 0.499758
173 0.499757
174 0.499755
175 0.499754
176 0.499752
177 0.499751
178 0.499749
179 0.499747
180 0.499746
181 0.499744
182 0.499743
183 0.499741
184 0.499739
185 0.499737
186 0.499736
187 0.499734
188 0.499732
189 0.49973
190 0.499729
191 0.499727
192 0.499725
193 0.499723
194 0.499721
195 0.499719
196 0.499717
197 0.499715
198 0.499713
199 0.499711
200 0.499709
201 0.499707
202 0.499704
203 0.499702
204 0.4997
205 0.499698
206 0.499695
207 0.499693
208 0.499691
209 0.499688
210 0.499686
211 0.499683
212 0.499681
213 0.499678
214 0.499676
215 0.499673
216 0.49967
217 0.499667
218 0.499665
219 0.499662
220 0.499659
221 0.499656
222 0.499653
223 0.49965
224 0.499647
225 0.499644
226 0.49964
227 0.499637
228 0.499634
229 0.49963
230 0.499627
231 0.499624
232 0.49962
233 0.499616
234 0.499613
235 0.499609
236 0.499605
237 0.499601
238 0.499597
239 0.499593
240 0.499589
241 0.499584
242 0.49958
243 0.499575
244 0.499571
245 0.499566
246 0.499561
247 0.499557
248 0.499552
249 0.499546
250 0.499541
251 0.499536
252 0.49953
253 0.499525
254 0.499519
255 0.499513
256 0.499507
257 0.499501
258 0.499495
259 0.499488
260 0.499482
261 0.499475
262 0.499468
263 0.499461
264 0.499453
265 0.499446
266 0.499438
267 0.49943
268 0.499422
269 0.499413
270 0.499404
271 0.499395
272 0.499386
273 0.499377
274 0.499367
275 0.499356
276 0.499346
277 0.499335
278 0.499324
279 0.499312
280 0.4993
281 0.499288
282 0.499275
283 0.499261
284 0.499247
285 0.499233
286 0.499218
287 0.499202
288 0.499186
289 0.499169
290 0.499152
291 0.499133
292 0.499114
293 0.499094
294 0.499073
295 0.499051
296 0.499028
297 0.499004
298 0.498978
299 0.498951
300 0.498923
301 0.498893
302 0.498862
303 0.498829
304 0.498794
305 0.498756
306 0.498716
307 0.498674
308 0.498629
309 0.49858
310 0.498528
311 0.498472
312 0.498412
313 0.498346
314 0.498275
315 0.498198
316 0.498114
317 0.498021
318 0.497919
319 0.497806
320 0.49768
321 0.497539
322 0.49738
323 0.497199
324 0.496991
325 0.496751
326 0.49647
327 0.496137
328 0.495736
329 0.495244
330 0.494627
331 0.493832
332 0.492772
333 0.491293
334 0.489102
335 0.485565
336 0.479087
337 0.464629
338 0.422408
339 0.341418
340 0.307324
341 0.278233
342 0.28647
343 0.287302
344 0.256759
345 0.215915
346 0.186421
347 0.178291
348 0.182295
349 0.187584
350 0.191835
351 0.194385
352 0.195372
353 0.195411
354 0.195068
355 0.194638
356 0.194226
357 0.193856
358 0.19353
359 0.193244
360 0.19299
361 0.192764
362 0.192561
363 0.192378
364 0.192211
365 0.192059
366 0.191919
367 0.19179
368 0.19167
369 0.191558
370 0.191454
371 0.191357
372 0.191265
373 0.191179
374 0.191097
375 0.19102
376 0.190947
377 0.190878
378 0.190812
379 0.190749
380 0.190689
381 0.190632
382 0.190577
383 0.190524
384 0.190474
385 0.190426
386 0.190379
387 0.190334
388 0.190291
389 0.190249
390 0.190209
391 0.19017
392 0.190132
393 0.190096
394 0.19006
395 0.190026
396 0.189993
397 0.189961
398 0.18993
399 0.189899
400 0.18987
401 0.189841
402 0.189813
403 0.189786
404 0.18976
405 0.189734
406 0.189709
407 0.189684
408 0.189661
409 0.189637
410 0.189615
411 0.189592
412 0.189571
413 0.189549
414 0.189529
415 0.189508
416 0.189489
417 0.189469
418 0.18945
419 0.189432
420 0.189413
421 0.189396
422 0.189378
423 0.189361
424 0.189344
425 0.189328
426 0.189312
427 0.189296
428 0.18928
429 0.189265
430 0.18925
431 0.189235
432 0.189221
433 0.189207
434 0.189193
435 0.189179
436 0.189166
437 0.189152
438 0.189139
439 0.189127
440 0.189114
441 0.189102
442 0.189089
443 0.189077
444 0.189066
445 0.189054
446 0.189043
447 0.189031
448 0.18902
449 0.18901
450 0.188999
451 0.188988
452 0.188978
453 0.188968
454 0.188957
455 0.188947
456 0.188938
457 0.188928
458 0.188918
459 0.188909
460 0.1889
461 0.188891
462 0.188882
463 0.188873
464 0.188864
465 0.188855
466 0.188847
467 0.188838
468 0.18883
469 0.188822
470 0.188814
471 0.188806
472 0.188798
473 0.18879
474 0.188782
475 0.188775
476 0.188767
477 0.18876
478 0.188752
479 0.188745
480 0.188738
481 0.188731
482 0.188724
483 0.188717
484 0.18871
485 0.188703
486 0.188697
487 0.18869
488 0.188684
489 0.188677
490 0.188671
491 0.188665
492 0.188658
493 0.188652
494 0.188646
495 0.18864
496 0.188634
497 0.188628
498 0.188622
499 0.188617
500 0.188611
501 0.188605
502 0.1886
503 0.188594
504 0.188589
505 0.188583
506 0.188578
507 0.188573
508 0.188567
509 0.188562
510 0.188557
511 0.188552
512 0.188547
513 0.188542
514 0.188537
515 0.188532
516 0.188527
517 0.188522
518 0.188518
519 0.188513
520 0.188508
521 0.188504
522 0.188499
523 0.188495
524 0.18849
525 0.188486
526 0.188481
527 0.188477
528 0.188473
529 0.188468
530 0.188464
531 0.18846
532 0.188456
533 0.188452
534 0.188448
535 0.188444
536 0.18844
537 0.188436
538 0.188432
539 0.188428
540 0.188424
541 0.18842
542 0.188416
543 0.188412
544 0.188409
545 0.188405
546 0.188401
547 0.188398
548 0.188394
549 0.18839
550 0.188387
551 0.188383
552 0.18838
553 0.188376
554 0.188373
555 0.188369
556 0.188366
557 0.188363
558 0.188359
559 0.188356
560 0.188353
561 0.188349
562 0.188346
563 0.188343
564 0.18834
565 0.188337
566 0.188334
567 0.18833
568 0.188327
569 0.188324
570 0.188321
571 0.188318
572 0.188315
573 0.188312
574 0.188309
575 0.188306
576 0.188304
577 0.188301
578 0.188298
579 0.188295
580 0.188292
581 0.188289
582 0.188287
583 0.188284
584 0.188281
585 0.188278
586 0.188276
587 0.188273
588 0.18827
589 0.188268
590 0.188265
591 0.188263
592 0.18826
593 0.188257
594 0.188255
595 0.188252
596 0.18825
597 0.188247
598 0.188245
599 0.188242
600 0.18824
601 0.188238
602 0.188235
603 0.188233
604 0.18823
605 0.188228
606 0.188226
607 0.188223
608 0.188221
609 0.188219
610 0.188216
611 0.188214
612 0.188212
613 0.18821
614 0.188207
615 0.188205
616 0.188203
617 0.188201
618 0.188199
619 0.188197
620 0.188194
621 0.188192
622 0.18819
623 0.188188
624 0.188186
625 0.188184
626 0.188182
627 0.18818
628 0.188178
629 0.188176
630 0.188174
631 0.188172
632 0.18817
633 0.188168
634 0.188166
635 0.188164
636 0.188162
637 0.18816
638 0.188158
639 0.188156
640 0.188154
641 0.188152
642 0.188151
643 0.188149
644 0.188147
645 0.188145
646 0.188143
647 0.188141
648 0.18814
649 0.188138
650 0.188136
651 0.188134
652 0.188133
653 0.188131
654 0.188129
655 0.188127
656 0.188126
657 0.188124
658 0.188122
659 0.18812
660 0.188119
661 0.188117
662 0.188115
663 0.188114
664 0.188112
665 0.188111
666 0.188109
667 0.188107
668 0.188106
669 0.188104
670 0.188103
671 0.188101
672 0.188099
673 0.188098
674 0.188096
675 0.188095
676 0.188093
677 0.188092
678 0.18809
679 0.188089
680 0.188087
681 0.188086
682 0.188084
683 0.188083
684 0.188081
685 0.18808
686 0.188078
687 0.188077
688 0.188075
689 0.188074
690 0.188072
691 0.188071
692 0.18807
693 0.188068
694 0.188067
695 0.188065
696 0.188064
697 0.188063
698 0.188061
699 0.18806
700 0.188059
701 0.188057
702 0.188056
703 0.188055
704 0.188053
705 0.188052
706 0.188051
707 0.188049
708 0.188048
709 0.188047
710 0.188045
711 0.188044
712 0.188043
713 0.188042
714 0.18804
715 0.188039
716 0.188038
717 0.188037
718 0.188035
719 0.188034
720 0.188033
721 0.188032
722 0.18803
723 0.188029
724 0.188028
725 0.188027
726 0.188026
727 0.188024
728 0.188023
729 0.188022
730 0.188021
731 0.18802
732 0.188019
733 0.188017
734 0.188016
735 0.188015
736 0.188014
737 0.188013
738 0.188012
739 0.188011
740 0.18801
741 0.188008
742 0.188007
743 0.188006
744 0.188005
745 0.188004
746 0.188003
747 0.188002
748 0.188001
749 0.188
750 0.187999
751 0.187998
752 0.187997
753 0.187995
754 0.187994
755 0.187993
756 0.187992
757 0.187991
758 0.18799
759 0.187989
760 0.187988
761 0.187987
762 0.187986
763 0.187985
764 0.187984
765 0.187983
766 0.187982
767 0.187981
768 0.18798
769 0.187979
770 0.187978
771 0.187977
772 0.187976
773 0.187975
774 0.187974
775 0.187973
776 0.187972
777 0.187972
778 0.187971
779 0.18797
780 0.187969
781 0.187968
782 0.187967
783 0.187966
784 0.187965
785 0.187964
786 0.187963
787 0.187962
788 0.187961
789 0.18796
790 0.18796
791 0.187959
792 0.187958
793 0.187957
794 0.187956
795 0.187955
796 0.187954
797 0.187953
798 0.187953
799 0.187952
800 0.187951
801 0.18795
802 0.187949
803 0.187948
804 0.187947
805 0.187947
806 0.187946
807 0.187945
808 0.187944
809 0.187943
810 0.187942
811 0.187942
812 0.187941
813 0.18794
814 0.187939
815 0.187938
816 0.187937
817 0.187937
818 0.187936
819 0.187935
820 0.187934
821 0.187933
822 0.187933
823 0.187932
824 0.187931
825 0.18793
826 0.18793
827 0.187929
828 0.187928
829 0.187927
830 0.187926
831 0.187926
832 0.187925
833 0.187924
834 0.187923
835 0.187923
836 0.187922
837 0.187921
838 0.18792
839 0.18792
840 0.187919
841 0.187918
842 0.187917
843 0.187917
844 0.187916
845 0.187915
846 0.187915
847 0.187914
848 0.187913
849 0.187912
850 0.187912
851 0.187911
852 0.18791
853 0.18791
854 0.187909
855 0.187908
856 0.187908
857 0.187907
858 0.187906
859 0.187905
860 0.187905
861 0.187904
862 0.187903
863 0.187903
864 0.187902
865 0.187901
866 0.187901
867 0.1879
868 0.187899
869 0.187899
870 0.187898
871 0.187897
872 0.187897
873 0.187896
874 0.187895
875 0.187895
876 0.187894
877 0.187893
878 0.187893
879 0.187892
880 0.187892
881 0.187891
882 0.18789
883 0.18789
884 0.187889
885 0.187888
886 0.187888
887 0.187887
888 0.187887
889 0.187886
890 0.187885
891 0.187885
892 0.187884
893 0.187883
894 0.187883
895 0.187882
896 0.187882
897 0.187881
898 0.18788
899 0.18788
900 0.187879
901 0.187879
902 0.187878
903 0.187877
904 0.187877
905 0.187876
906 0.187876
907 0.187875
908 0.187875
909 0.187874
910 0.187873
911 0.187873
912 0.187872
913 0.187872
914 0.187871
915 0.187871
916 0.18787
917 0.187869
918 0.187869
919 0.187868
920 0.187868
921 0.187867
922 0.187867
923 0.187866
924 0.187865
925 0.187865
926 0.187864
927 0.187864
928 0.187863
929 0.187863
930 0.187862
931 0.187862
932 0.187861
933 0.187861
934 0.18786
935 0.18786
936 0.187859
937 0.187858
938 0.187858
939 0.187857
940 0.187857
941 0.187856
942 0.187856
943 0.187855
944 0.187855
945 0.187854
946 0.187854
947 0.187853
948 0.187853
949 0.187852
950 0.187852
951 0.187851
952 0.187851
953 0.18785
954 0.18785
955 0.187849
956 0.187849
957 0.187848
958 0.187848
959 0.187847
960 0.187847
961 0.187846
962 0.187846
963 0.187845
964 0.187845
965 0.187844
966 0.187844
967 0.187843
968 0.187843
969 0.187842
970 0.187842
971 0.187841
972 0.187841
973 0.187841
974 0.18784
975 0.18784
976 0.187839
977 0.187839
978 0.187838
979 0.187838
980 0.187837
981 0.187837
982 0.187836
983 0.187836
984 0.187835
985 0.187835
986 0.187834
987 0.187834
988 0.187834
989 0.187833
990 0.187833
991 0.187832
992 0.187832
993 0.187831
994 0.187831
995 0.18783
996 0.18783
997 0.18783
998 0.187829
999 0.187829
1000 0.187828
1001 0.187828
1002 0.187827
1003 0.187827
1004 0.187827
1005 0.187826
1006 0.187826
1007 0.187825
1008 0.187825
1009 0.187824
1010 0.187824
1011 0.187824
1012 0.187823
1013 0.187823
1014 0.187822
1015 0.187822
1016 0.187821
1017 0.187821
1018 0.187821
1019 0.18782
1020 0.18782
1021 0.187819
1022 0.187819
1023 0.187819
1024 0.187818
1025 0.187818
1026 0.187817
1027 0.187817
1028 0.187817
1029 0.187816
1030 0.187816
1031 0.187815
1032 0.187815
1033 0.187815
1034 0.187814
1035 0.187814
1036 0.187813
1037 0.187813
1038 0.187813
1039 0.187812
1040 0.187812
1041 0.187811
1042 0.187811
1043 0.187811
1044 0.18781
1045 0.18781
1046 0.187809
1047 0.187809
1048 0.187809
1049 0.187808
1050 0.187808
1051 0.187808
1052 0.187807
1053 0.187807
1054 0.187806
1055 0.187806
1056 0.187806
1057 0.187805
1058 0.187805
1059 0.187805
1060 0.187804
1061 0.187804
1062 0.187803
1063 0.187803
1064 0.187803
1065 0.187802
1066 0.187802
1067 0.187802
1068 0.187801
1069 0.187801
1070 0.187801
1071 0.1878
1072 0.1878
1073 0.187799
1074 0.187799
1075 0.187799
1076 0.187798
1077 0.187798
1078 0.187798
1079 0.187797
1080 0.187797
1081 0.187797
1082 0.187796
1083 0.187796
1084 0.187796
1085 0.187795
1086 0.187795
1087 0.187795
1088 0.187794
1089 0.187794
1090 0.187793
1091 0.187793
1092 0.187793
1093 0.187792
1094 0.187792
1095 0.187792
1096 0.187791
1097 0.187791
1098 0.187791
1099 0.18779
1100 0.18779
1101 0.18779
1102 0.187789
1103 0.187789
1104 0.187789
1105 0.187788
1106 0.187788
1107 0.187788
1108 0.187787
1109 0.187787
1110 0.187787
1111 0.187786
1112 0.187786
1113 0.187786
1114 0.187786
1115 0.187785
1116 0.187785
1117 0.187785
1118 0.187784
1119 0.187784
1120 0.187784
1121 0.187783
1122 0.187783
1123 0.187783
1124 0.187782
1125 0.187782
1126 0.187782
1127 0.187781
1128 0.187781
1129 0.187781
1130 0.18778
1131 0.18778
1132 0.18778
1133 0.18778
1134 0.187779
1135 0.187779
1136 0.187779
1137 0.187778
1138 0.187778
1139 0.187778
1140 0.187777
1141 0.187777
1142 0.187777
1143 0.187776
1144 0.187776
1145 0.187776
1146 0.187776
1147 0.187775
1148 0.187775
1149 0.187775
1150 0.187774
1151 0.187774
1152 0.187774
1153 0.187774
1154 0.187773
1155 0.187773
1156 0.187773
1157 0.187772
1158 0.187772
1159 0.187772
1160 0.187771
1161 0.187771
1162 0.187771
1163 0.187771
1164 0.18777
1165 0.18777
1166 0.18777
1167 0.187769
1168 0.187769
1169 0.187769
1170 0.187769
1171 0.187768
1172 0.187768
1173 0.187768
1174 0.187768
1175 0.187767
1176 0.187767
1177 0.187767
1178 0.187766
1179 0.187766
1180 0.187766
1181 0.187766
1182 0.187765
1183 0.187765
1184 0.187765
1185 0.187764
1186 0.187764
1187 0.187764
1188 0.187764
1189 0.187763
1190 0.187763
1191 0.187763
1192 0.187763
1193 0.187762
1194 0.187762
1195 0.187762
1196 0.187762
1197 0.187761
1198 0.187761
1199 0.187761
1200 0.18776
1201 0.18776
1202 0.18776
1203 0.18776
1204 0.187759
1205 0.187759
1206 0.187759
1207 0.187759
1208 0.187758
1209 0.187758
1210 0.187758
1211 0.187758
1212 0.187757
1213 0.187757
1214 0.187757
1215 0.187757
1216 0.187756
1217 0.187756
1218 0.187756
1219 0.187756
1220 0.187755
1221 0.187755
1222 0.187755
1223 0.187755
1224 0.187754
1225 0.187754
1226 0.187754
1227 0.187754
1228 0.187753
1229 0.187753
1230 0.187753
1231 0.187753
1232 0.187752
1233 0.187752
1234 0.187752
1235 0.187752
1236 0.187751
1237 0.187751
1238 0.187751
1239 0.187751
1240 0.18775
1241 0.18775
1242 0.18775
1243 0.18775
1244 0.187749
1245 0.187749
1246 0.187749
1247 0.187749
1248 0.187748
1249 0.187748
1250 0.187748
1251 0.187748
1252 0.187748
1253 0.187747
1254 0.187747
1255 0.187747
1256 0.187747
1257 0.187746
1258 0.187746
1259 0.187746
1260 0.187746
1261 0.187745
1262 0.187745
1263 0.187745
1264 0.187745
1265 0.187745
1266 0.187744
1267 0.187744
1268 0.187744
1269 0.187744
1270 0.187743
1271 0.187743
1272 0.187743
1273 0.187743
1274 0.187742
1275 0.187742
1276 0.187742
1277 0.187742
1278 0.187742
1279 0.187741
1280 0.187741
1281 0.187741
1282 0.187741
1283 0.18774
1284 0.18774
1285 0.18774
1286 0.18774
1287 0.18774
1288 0.187739
1289 0.187739
1290 0.187739
1291 0.187739
1292 0.187738
1293 0.187738
1294 0.187738
1295 0.187738
1296 0.187738
1297 0.187737
1298 0.187737
1299 0.187737
1300 0.187737
1301 0.187737
1302 0.187736
1303 0.187736
1304 0.187736
1305 0.187736
1306 0.187736
1307 0.187735
1308 0.187735
1309 0.187735
1310 0.187735
1311 0.187734
1312 0.187734
1313 0.187734
1314 0.187734
1315 0.187734
1316 0.187733
1317 0.187733
1318 0.187733
1319 0.187733
1320 0.187733
1321 0.187732
1322 0.187732
1323 0.187732
1324 0.187732
1325 0.187732
1326 0.187731
1327 0.187731
1328 0.187731
1329 0.187731
1330 0.187731
1331 0.18773
1332 0.18773
1333 0.18773
1334 0.18773
1335 0.18773
1336 0.187729
1337 0.187729
1338 0.187729
1339 0.187729
1340 0.187729
1341 0.187728
1342 0.187728
1343 0.187728
1344 0.187728
1345 0.187728
1346 0.187727
1347 0.187727
1348 0.187727
1349 0.187727
1350 0.187727
1351 0.187726
1352 0.187726
1353 0.187726
1354 0.187726
1355 0.187726
1356 0.187725
1357 0.187725
1358 0.187725
1359 0.187725
1360 0.187725
1361 0.187725
1362 0.187724
1363 0.187724
1364 0.187724
1365 0.187724
1366 0.187724
1367 0.187723
1368 0.187723
1369 0.187723
1370 0.187723
1371 0.187723
1372 0.187722
1373 0.187722
1374 0.187722
1375 0.187722
1376 0.187722
1377 0.187722
1378 0.187721
1379 0.187721
1380 0.187721
1381 0.187721
1382 0.187721
1383 0.18772
1384 0.18772
1385 0.18772
1386 0.18772
1387 0.18772
1388 0.18772
1389 0.187719
1390 0.187719
1391 0.187719
1392 0.187719
1393 0.187719
1394 0.187718
1395 0.187718
1396 0.187718
1397 0.187718
1398 0.187718
1399 0.187718
1400 0.187717
1401 0.187717
1402 0.187717
1403 0.187717
1404 0.187717
1405 0.187717
1406 0.187716
1407 0.187716
1408 0.187716
1409 0.187716
1410 0.187716
1411 0.187715
1412 0.187715
1413 0.187715
1414 0.187715
1415 0.187715
1416 0.187715
1417 0.187714
1418 0.187714
1419 0.187714
1420 0.187714
1421 0.187714
1422 0.187714
1423 0.187713
1424 0.187713
1425 0.187713
1426 0.187713
1427 0.187713
1428 0.187713
1429 0.187712
1430 0.187712
1431 0.187712
1432 0.187712
1433 0.187712
1434 0.187712
1435 0.187711
1436 0.187711
1437 0.187711
1438 0.187711
1439 0.187711
1440 0.187711
1441 0.18771
1442 0.18771
1443 0.18771
1444 0.18771
1445 0.18771
1446 0.18771
1447 0.187709
1448 0.187709
1449 0.187709
1450 0.187709
1451 0.187709
1452 0.187709
1453 0.187709
1454 0.187708
1455 0.187708
1456 0.187708
1457 0.187708
1458 0.187708
1459 0.187708
1460 0.187707
1461 0.187707
1462 0.187707
1463 0.187707
1464 0.187707
1465 0.187707
1466 0.187706
1467 0.187706
1468 0.187706
1469 0.187706
1470 0.187706
1471 0.187706
1472 0.187706
1473 0.187705
1474 0.187705
1475 0.187705
1476 0.187705
1477 0.187705
1478 0.187705
1479 0.187704
1480 0.187704
1481 0.187704
1482 0.187704
1483 0.187704
1484 0.187704
1485 0.187704
1486 0.187703
1487 0.187703
1488 0.187703
1489 0.187703
1490 0.187703
1491 0.187703
1492 0.187702
1493 0.187702
1494 0.187702
1495 0.187702
1496 0.187702
1497 0.187702
1498 0.187702
1499 0.187701
1500 0.187701
