0 0.378993
1 0.275878
2 0.261106
3 0.262512
4 0.265946
5 0.26787
6 0.266603
7 0.262692
8 0.257254
9 0.250912
10 0.24388
11 0.236247
12 0.228264
13 0.220607
14 0.214422
15 0.210874
16 0.210307
17 0.211791
18 0.213538
19 0.214122
20 0.213517
21 0.212456
22 0.211363
23 0.210331
24 0.209366
25 0.208462
26 0.207615
27 0.206824
28 0.206083
29 0.205392
30 0.204746
31 0.204142
32 0.203577
33 0.203047
34 0.202551
35 0.202084
36 0.201646
37 0.201233
38 0.200843
39 0.200474
40 0.200125
41 0.199794
42 0.19948
43 0.199182
44 0.198898
45 0.198627
46 0.198369
47 0.198122
48 0.197886
49 0.197661
50 0.197444
51 0.197237
52 0.197038
53 0.196847
54 0.196663
55 0.196486
56 0.196315
57 0.196151
58 0.195993
59 0.19584
60 0.195692
61 0.19555
62 0.195412
63 0.195278
64 0.195149
65 0.195024
66 0.194903
67 0.194786
68 0.194672
69 0.194561
70 0.194454
71 0.19435
72 0.194248
73 0.19415
74 0.194054
75 0.193961
76 0.19387
77 0.193782
78 0.193696
79 0.193612
80 0.19353
81 0.193451
82 0.193373
83 0.193297
84 0.193223
85 0.193151
86 0.193081
87 0.193012
88 0.192945
89 0.192879
90 0.192815
91 0.192752
92 0.19269
93 0.19263
94 0.192571
95 0.192514
96 0.192457
97 0.192402
98 0.192348
99 0.192295
100 0.192243
101 0.192192
102 0.192142
103 0.192093
104 0.192045
105 0.191998
106 0.191952
107 0.191907
108 0.191862
109 0.191819
110 0.191776
111 0.191734
112 0.191692
113 0.191652
114 0.191612
115 0.191573
116 0.191534
117 0.191496
118 0.191459
119 0.191422
120 0.191386
121 0.191351
122 0.191316
123 0.191282
124 0.191248
125 0.191215
126 0.191182
127 0.19115
128 0.191119
129 0.191087
130 0.191057
131 0.191027
132 0.190997
133 0.190968
134 0.190939
135 0.19091
136 0.190882
137 0.190855
138 0.190827
139 0.190801
140 0.190774
141 0.190748
142 0.190722
143 0.190697
144 0.190672
145 0.190647
146 0.190623
147 0.190599
148 0.190575
149 0.190552
150 0.190529
151 0.190506
152 0.190484
153 0.190461
154 0.19044
155 0.190418
156 0.190397
157 0.190376
158 0.190355
159 0.190334
160 0.190314
161 0.190294
162 0.190274
163 0.190254
164 0.190235
165 0.190216
166 0.190197
167 0.190178
168 0.19016
169 0.190142
170 0.190124
171 0.190106
172 0.190088
173 0.190071
174 0.190054
175 0.190037
176 0.19002
177 0.190003
178 0.189987
179 0.18997
180 0.189954
181 0.189938
182 0.189923
183 0.189907
184 0.189892
185 0.189876
186 0.189861
187 0.189846
188 0.189831
189 0.189817
190 0.189802
191 0.189788
192 0.189774
193 0.189759
194 0.189746
195 0.189732
196 0.189718
197 0.189704
198 0.189691
199 0.189678
200 0.189665
201 0.189652
202 0.189639
203 0.189626
204 0.189613
205 0.189601
206 0.189588
207 0.189576
208 0.189564
209 0.189552
210 0.18954
211 0.189528
212 0.189516
213 0.189504
214 0.189493
215 0.189481
216 0.18947
217 0.189458
218 0.189447
219 0.189436
220 0.189425
221 0.189414
222 0.189403
223 0.189393
224 0.189382
225 0.189371
226 0.189361
227 0.189351
228 0.18934
229 0.18933
230 0.18932
231 0.18931
232 0.1893
233 0.18929
234 0.18928
235 0.18927
236 0.189261
237 0.189251
238 0.189241
239 0.189232
240 0.189223
241 0.189213
242 0.189204
243 0.189195
244 0.189186
245 0.189177
246 0.189168
247 0.189159
248 0.18915
249 0.189141
250 0.189132
251 0.189123
252 0.189115
253 0.189106
254 0.189098
255 0.189089
256 0.189081
257 0.189072
258 0.189064
259 0.189056
260 0.189048
261 0.189039
262 0.189031
263 0.189023
264 0.189015
265 0.189007
266 0.188999
267 0.188991
268 0.188984
269 0.188976
270 0.188968
271 0.18896
272 0.188953
273 0.188945
274 0.188938
275 0.18893
276 0.188923
277 0.188915
278 0.188908
279 0.1889
280 0.188893
281 0.188886
282 0.188878
283 0.188871
284 0.188864
285 0.188857
286 0.18885
287 0.188843
288 0.188836
289 0.188829
290 0.188822
291 0.188815
292 0.188808
293 0.188801
294 0.188794
295 0.188787
296 0.18878
297 0.188774
298 0.188767
299 0.18876
300 0.188753
301 0.188747
302 0.18874
303 0.188733
304 0.188727
305 0.18872
306 0.188714
307 0.188707
308 0.188701
309 0.188694
310 0.188688
311 0.188681
312 0.188675
313 0.188668
314 0.188662
315 0.188656
316 0.188649
317 0.188643
318 0.188637
319 0.18863
320 0.188624
321 0.188618
322 0.188612
323 0.188605
324 0.188599
325 0.188593
326 0.188587
327 0.18858
328 0.188574
329 0.188568
330 0.188562
331 0.188556
332 0.18855
333 0.188543
334 0.188537
335 0.188531
336 0.188525
337 0.188519
338 0.188513
339 0.188507
340 0.188501
341 0.188495
342 0.188488
343 0.188482
344 0.188476
345 0.18847
346 0.188464
347 0.188458
348 0.188452
349 0.188446
350 0.18844
351 0.188434
352 0.188427
353 0.188421
354 0.188415
355 0.188409
356 0.188403
357 0.188397
358 0.188391
359 0.188384
360 0.188378
361 0.188372
362 0.188366
363 0.18836
364 0.188353
365 0.188347
366 0.188341
367 0.188334
368 0.188328
369 0.188322
370 0.188315
371 0.188309
372 0.188303
373 0.188296
374 0.18829
375 0.188283
376 0.188277
377 0.18827
378 0.188264
379 0.188257
380 0.188251
381 0.188244
382 0.188237
383 0.18823
384 0.188224
385 0.188217
386 0.18821
387 0.188203
388 0.188196
389 0.188189
390 0.188182
391 0.188175
392 0.188168
393 0.18816
394 0.188153
395 0.188146
396 0.188138
397 0.188131
398 0.188123
399 0.188116
400 0.188108
401 0.1881
402 0.188092
403 0.188085
404 0.188077
405 0.188068
406 0.18806
407 0.188052
408 0.188044
409 0.188035
410 0.188026
411 0.188018
412 0.188009
413 0.188
414 0.187991
415 0.187982
416 0.187972
417 0.187963
418 0.187953
419 0.187943
420 0.187933
421 0.187923
422 0.187913
423 0.187902
424 0.187892
425 0.187881
426 0.18787
427 0.187859
428 0.187847
429 0.187835
430 0.187823
431 0.187811
432 0.187798
433 0.187786
434 0.187772
435 0.187759
436 0.187745
437 0.187731
438 0.187717
439 0.187702
440 0.187687
441 0.187671
442 0.187655
443 0.187638
444 0.187621
445 0.187603
446 0.187585
447 0.187566
448 0.187547
449 0.187527
450 0.187506
451 0.187485
452 0.187462
453 0.187439
454 0.187415
455 0.18739
456 0.187364
457 0.187337
458 0.187308
459 0.187278
460 0.187247
461 0.187214
462 0.18718
463 0.187144
464 0.187106
465 0.187066
466 0.187023
467 0.186978
468 0.18693
469 0.186879
470 0.186825
471 0.186767
472 0.186704
473 0.186637
474 0.186565
475 0.186486
476 0.186401
477 0.186308
478 0.186206
479 0.186094
480 0.18597
481 0.185831
482 0.185677
483 0.185502
484 0.185304
485 0.185076
486 0.184813
487 0.184504
488 0.184138
489 0.183697
490 0.183155
491 0.182477
492 0.181605
493 0.18045
494 0.178862
495 0.176575
496 0.173103
497 0.167521
498 0.158195
499 0.143264
500 0.12423
501 0.108151
502 0.097016
503 0.0868639
504 0.0748853
505 0.0606896
506 0.0462743
507 0.0348681
508 0.0276184
509 0.0230032
510 0.0198003
511 0.0174284
512 0.0155915
513 0.014122
514 0.0129169
515 0.0119092
516 0.0110531
517 0.0103161
518 0.00967462
519 0.00911082
520 0.0086112
521 0.00816524
522 0.0077646
523 0.00740262
524 0.00707388
525 0.00677396
526 0.00649917
527 0.00624645
528 0.00601322
529 0.00579728
530 0.00559675
531 0.00541004
532 0.00523574
533 0.00507265
534 0.00491971
535 0.00477599
536 0.00464068
537 0.00451306
538 0.00439248
539 0.00427837
540 0.00417022
541 0.00406757
542 0.00397001
543 0.00387717
544 0.00378871
545 0.00370432
546 0.00362373
547 0.00354669
548 0.00347296
549 0.00340234
550 0.00333463
551 0.00326965
552 0.00320723
553 0.00314724
554 0.00308953
555 0.00303397
556 0.00298044
557 0.00292883
558 0.00287905
559 0.00283098
560 0.00278456
561 0.00273968
562 0.00269628
563 0.00265428
564 0.00261362
565 0.00257423
566 0.00253606
567 0.00249904
568 0.00246312
569 0.00242826
570 0.00239442
571 0.00236153
572 0.00232957
573 0.0022985
574 0.00226828
575 0.00223887
576 0.00221024
577 0.00218236
578 0.0021552
579 0.00212874
580 0.00210294
581 0.00207779
582 0.00205325
583 0.0020293
584 0.00200593
585 0.00198312
586 0.00196083
587 0.00193906
588 0.00191779
589 0.00189699
590 0.00187666
591 0.00185678
592 0.00183733
593 0.0018183
594 0.00179967
595 0.00178144
596 0.00176359
597 0.0017461
598 0.00172897
599 0.00171219
600 0.00169574
601 0.00167962
602 0.00166381
603 0.00164831
604 0.0016331
605 0.00161819
606 0.00160355
607 0.00158919
608 0.00157509
609 0.00156125
610 0.00154766
611 0.00153431
612 0.0015212
613 0.00150832
614 0.00149567
615 0.00148323
616 0.00147101
617 0.00145899
618 0.00144717
619 0.00143556
620 0.00142413
621 0.00141289
622 0.00140184
623 0.00139096
624 0.00138026
625 0.00136972
626 0.00135935
627 0.00134915
628 0.0013391
629 0.0013292
630 0.00131946
631 0.00130986
632 0.0013004
633 0.00129109
634 0.00128191
635 0.00127287
636 0.00126396
637 0.00125518
638 0.00124652
639 0.00123798
640 0.00122957
641 0.00122127
642 0.00121309
643 0.00120502
644 0.00119707
645 0.00118922
646 0.00118147
647 0.00117383
648 0.00116629
649 0.00115885
650 0.00115151
651 0.00114427
652 0.00113711
653 0.00113005
654 0.00112308
655 0.0011162
656 0.00110941
657 0.0011027
658 0.00109607
659 0.00108952
660 0.00108306
661 0.00107667
662 0.00107037
663 0.00106413
664 0.00105798
665 0.00105189
666 0.00104588
667 0.00103994
668 0.00103406
669 0.00102826
670 0.00102252
671 0.00101685
672 0.00101124
673 0.0010057
674 0.00100022
675 0.000994797
