0 0.441631
1 0.34697
2 0.279084
3 0.267502
4 0.273148
5 0.276073
6 0.266197
7 0.24659
8 0.224027
9 0.208747
10 0.210332
11 0.21694
12 0.217943
13 0.216279
14 0.214702
15 0.213342
16 0.212093
17 0.210923
18 0.209824
19 0.208796
20 0.20784
21 0.206953
22 0.206133
23 0.205375
24 0.204675
25 0.204027
26 0.203427
27 0.20287
28 0.202352
29 0.201871
30 0.201421
31 0.201
32 0.200606
33 0.200236
34 0.199888
35 0.19956
36 0.19925
37 0.198957
38 0.198679
39 0.198416
40 0.198166
41 0.197928
42 0.197701
43 0.197485
44 0.197279
45 0.197082
46 0.196893
47 0.196713
48 0.196539
49 0.196373
50 0.196214
51 0.19606
52 0.195912
53 0.19577
54 0.195633
55 0.195501
56 0.195374
57 0.195251
58 0.195132
59 0.195017
60 0.194906
61 0.194798
62 0.194694
63 0.194593
64 0.194495
65 0.1944
66 0.194307
67 0.194218
68 0.194131
69 0.194046
70 0.193964
71 0.193884
72 0.193806
73 0.193731
74 0.193657
75 0.193585
76 0.193515
77 0.193446
78 0.19338
79 0.193315
80 0.193251
81 0.193189
82 0.193129
83 0.19307
84 0.193012
85 0.192956
86 0.1929
87 0.192846
88 0.192794
89 0.192742
90 0.192691
91 0.192642
92 0.192593
93 0.192546
94 0.192499
95 0.192454
96 0.192409
97 0.192365
98 0.192322
99 0.19228
100 0.192238
101 0.192198
102 0.192158
103 0.192119
104 0.19208
105 0.192043
106 0.192006
107 0.191969
108 0.191934
109 0.191898
110 0.191864
111 0.19183
112 0.191796
113 0.191764
114 0.191731
115 0.1917
116 0.191668
117 0.191638
118 0.191607
119 0.191578
120 0.191548
121 0.191519
122 0.191491
123 0.191463
124 0.191435
125 0.191408
126 0.191381
127 0.191355
128 0.191329
129 0.191304
130 0.191278
131 0.191253
132 0.191229
133 0.191205
134 0.191181
135 0.191157
136 0.191134
137 0.191111
138 0.191089
139 0.191066
140 0.191044
141 0.191023
142 0.191001
143 0.19098
144 0.190959
145 0.190939
146 0.190919
147 0.190898
148 0.190879
149 0.190859
150 0.19084
151 0.190821
152 0.190802
153 0.190783
154 0.190765
155 0.190747
156 0.190729
157 0.190711
158 0.190693
159 0.190676
160 0.190659
161 0.190642
162 0.190625
163 0.190608
164 0.190592
165 0.190576
166 0.19056
167 0.190544
168 0.190528
169 0.190513
170 0.190498
171 0.190482
172 0.190467
173 0.190453
174 0.190438
175 0.190423
176 0.190409
177 0.190395
178 0.190381
179 0.190367
180 0.190353
181 0.190339
182 0.190326
183 0.190312
184 0.190299
185 0.190286
186 0.190273
187 0.19026
188 0.190247
189 0.190235
190 0.190222
191 0.19021
192 0.190198
193 0.190185
194 0.190173
195 0.190162
196 0.19015
197 0.190138
198 0.190127
199 0.190115
200 0.190104
201 0.190092
202 0.190081
203 0.19007
204 0.190059
205 0.190048
206 0.190038
207 0.190027
208 0.190016
209 0.190006
210 0.189996
211 0.189985
212 0.189975
213 0.189965
214 0.189955
215 0.189945
216 0.189935
217 0.189925
218 0.189916
219 0.189906
220 0.189896
221 0.189887
222 0.189878
223 0.189868
224 0.189859
225 0.18985
226 0.189841
227 0.189832
228 0.189823
229 0.189814
230 0.189805
231 0.189796
232 0.189788
233 0.189779
234 0.189771
235 0.189762
236 0.189754
237 0.189746
238 0.189737
239 0.189729
240 0.189721
241 0.189713
242 0.189705
243 0.189697
244 0.189689
245 0.189681
246 0.189673
247 0.189666
248 0.189658
249 0.18965
250 0.189643
251 0.189635
252 0.189628
253 0.189621
254 0.189613
255 0.189606
256 0.189599
257 0.189592
258 0.189585
259 0.189577
260 0.18957
261 0.189563
262 0.189557
263 0.18955
264 0.189543
265 0.189536
266 0.189529
267 0.189523
268 0.189516
269 0.189509
270 0.189503
271 0.189496
272 0.18949
273 0.189483
274 0.189477
275 0.189471
276 0.189464
277 0.189458
278 0.189452
279 0.189446
280 0.18944
281 0.189434
282 0.189428
283 0.189422
284 0.189416
285 0.18941
286 0.189404
287 0.189398
288 0.189392
289 0.189386
290 0.189381
291 0.189375
292 0.189369
293 0.189364
294 0.189358
295 0.189352
296 0.189347
297 0.189341
298 0.189336
299 0.18933
300 0.189325
301 0.18932
302 0.189314
303 0.189309
304 0.189304
305 0.189299
306 0.189293
307 0.189288
308 0.189283
309 0.189278
310 0.189273
311 0.189268
312 0.189263
313 0.189258
314 0.189253
315 0.189248
316 0.189243
317 0.189238
318 0.189233
319 0.189228
320 0.189224
321 0.189219
322 0.189214
323 0.189209
324 0.189205
325 0.1892
326 0.189195
327 0.189191
328 0.189186
329 0.189182
330 0.189177
331 0.189173
332 0.189168
333 0.189164
334 0.189159
335 0.189155
336 0.18915
337 0.189146
338 0.189142
339 0.189137
340 0.189133
341 0.189129
342 0.189125
343 0.18912
344 0.189116
345 0.189112
346 0.189108
347 0.189104
348 0.1891
349 0.189096
350 0.189092
351 0.189087
352 0.189083
353 0.189079
354 0.189075
355 0.189072
356 0.189068
357 0.189064
358 0.18906
359 0.189056
360 0.189052
361 0.189048
362 0.189044
363 0.189041
364 0.189037
365 0.189033
366 0.189029
367 0.189026
368 0.189022
369 0.189018
370 0.189014
371 0.189011
372 0.189007
373 0.189004
374 0.189
375 0.188996
376 0.188993
377 0.188989
378 0.188986
379 0.188982
380 0.188979
381 0.188975
382 0.188972
383 0.188968
384 0.188965
385 0.188962
386 0.188958
387 0.188955
388 0.188951
389 0.188948
390 0.188945
391 0.188941
392 0.188938
393 0.188935
394 0.188932
395 0.188928
396 0.188925
397 0.188922
398 0.188919
399 0.188915
400 0.188912
401 0.188909
402 0.188906
403 0.188903
404 0.1889
405 0.188897
406 0.188894
407 0.18889
408 0.188887
409 0.188884
410 0.188881
411 0.188878
412 0.188875
413 0.188872
414 0.188869
415 0.188866
416 0.188863
417 0.18886
418 0.188858
419 0.188855
420 0.188852
421 0.188849
422 0.188846
423 0.188843
424 0.18884
425 0.188837
426 0.188835
427 0.188832
428 0.188829
429 0.188826
430 0.188823
431 0.188821
432 0.188818
433 0.188815
434 0.188812
435 0.18881
436 0.188807
437 0.188804
438 0.188802
439 0.188799
440 0.188796
441 0.188794
442 0.188791
443 0.188788
444 0.188786
445 0.188783
446 0.18878
447 0.188778
448 0.188775
449 0.188773
450 0.18877
451 0.188768
452 0.188765
453 0.188763
454 0.18876
455 0.188758
456 0.188755
457 0.188753
458 0.18875
459 0.188748
460 0.188745
461 0.188743
462 0.18874
463 0.188738
464 0.188735
465 0.188733
466 0.188731
467 0.188728
468 0.188726
469 0.188724
470 0.188721
471 0.188719
472 0.188717
473 0.188714
474 0.188712
475 0.18871
476 0.188707
477 0.188705
478 0.188703
479 0.1887
480 0.188698
481 0.188696
482 0.188694
483 0.188691
484 0.188689
485 0.188687
486 0.188685
487 0.188683
488 0.18868
489 0.188678
490 0.188676
491 0.188674
492 0.188672
493 0.188669
494 0.188667
495 0.188665
496 0.188663
497 0.188661
498 0.188659
499 0.188657
500 0.188655
501 0.188653
502 0.18865
503 0.188648
504 0.188646
505 0.188644
506 0.188642
507 0.18864
508 0.188638
509 0.188636
510 0.188634
511 0.188632
512 0.18863
513 0.188628
514 0.188626
515 0.188624
516 0.188622
517 0.18862
518 0.188618
519 0.188616
520 0.188614
521 0.188612
522 0.18861
523 0.188608
524 0.188606
525 0.188605
526 0.188603
527 0.188601
528 0.188599
529 0.188597
530 0.188595
531 0.188593
532 0.188591
533 0.188589
534 0.188588
535 0.188586
536 0.188584
537 0.188582
538 0.18858
539 0.188578
540 0.188577
541 0.188575
542 0.188573
543 0.188571
544 0.188569
545 0.188568
546 0.188566
547 0.188564
548 0.188562
549 0.18856
550 0.188559
551 0.188557
552 0.188555
553 0.188553
554 0.188552
555 0.18855
556 0.188548
557 0.188547
558 0.188545
559 0.188543
560 0.188541
561 0.18854
562 0.188538
563 0.188536
564 0.188535
565 0.188533
566 0.188531
567 0.18853
568 0.188528
569 0.188526
570 0.188525
571 0.188523
572 0.188522
573 0.18852
574 0.188518
575 0.188517
576 0.188515
577 0.188513
578 0.188512
579 0.18851
580 0.188509
581 0.188507
582 0.188505
583 0.188504
584 0.188502
585 0.188501
586 0.188499
587 0.188498
588 0.188496
589 0.188495
590 0.188493
591 0.188491
592 0.18849
593 0.188488
594 0.188487
595 0.188485
596 0.188484
597 0.188482
598 0.188481
599 0.188479
600 0.188478
601 0.188476
602 0.188475
603 0.188473
604 0.188472
605 0.18847
606 0.188469
607 0.188468
608 0.188466
609 0.188465
610 0.188463
611 0.188462
612 0.18846
613 0.188459
614 0.188457
615 0.188456
616 0.188455
617 0.188453
618 0.188452
619 0.18845
620 0.188449
621 0.188448
622 0.188446
623 0.188445
624 0.188443
625 0.188442
626 0.188441
627 0.188439
628 0.188438
629 0.188436
630 0.188435
631 0.188434
632 0.188432
633 0.188431
634 0.18843
635 0.188428
636 0.188427
637 0.188426
638 0.188424
639 0.188423
640 0.188422
641 0.18842
642 0.188419
643 0.188418
644 0.188416
645 0.188415
646 0.188414
647 0.188413
648 0.188411
649 0.18841
650 0.188409
651 0.188407
652 0.188406
653 0.188405
654 0.188404
655 0.188402
656 0.188401
657 0.1884
658 0.188399
659 0.188397
660 0.188396
661 0.188395
662 0.188394
663 0.188392
664 0.188391
665 0.18839
666 0.188389
667 0.188387
668 0.188386
669 0.188385
670 0.188384
671 0.188383
672 0.188381
673 0.18838
674 0.188379
675 0.188378
676 0.188377
677 0.188375
678 0.188374
679 0.188373
680 0.188372
681 0.188371
682 0.188369
683 0.188368
684 0.188367
685 0.188366
686 0.188365
687 0.188364
688 0.188363
689 0.188361
690 0.18836
691 0.188359
692 0.188358
693 0.188357
694 0.188356
695 0.188355
696 0.188353
697 0.188352
698 0.188351
699 0.18835
700 0.188349
701 0.188348
702 0.188347
703 0.188346
704 0.188344
705 0.188343
706 0.188342
707 0.188341
708 0.18834
709 0.188339
710 0.188338
711 0.188337
712 0.188336
713 0.188335
714 0.188334
715 0.188333
716 0.188331
717 0.18833
718 0.188329
719 0.188328
720 0.188327
721 0.188326
722 0.188325
723 0.188324
724 0.188323
725 0.188322
726 0.188321
727 0.18832
728 0.188319
729 0.188318
730 0.188317
731 0.188316
732 0.188315
733 0.188314
734 0.188313
735 0.188312
736 0.188311
737 0.18831
738 0.188309
739 0.188308
740 0.188307
741 0.188306
742 0.188305
743 0.188304
744 0.188303
745 0.188302
746 0.188301
747 0.1883
748 0.188299
749 0.188298
750 0.188297
751 0.188296
752 0.188295
753 0.188294
754 0.188293
755 0.188292
756 0.188291
757 0.18829
758 0.188289
759 0.188288
760 0.188287
761 0.188286
762 0.188285
763 0.188284
764 0.188283
765 0.188282
766 0.188281
767 0.18828
768 0.188279
769 0.188278
770 0.188278
771 0.188277
772 0.188276
773 0.188275
774 0.188274
775 0.188273
776 0.188272
777 0.188271
778 0.18827
779 0.188269
780 0.188268
781 0.188267
782 0.188267
783 0.188266
784 0.188265
785 0.188264
786 0.188263
787 0.188262
788 0.188261
789 0.18826
790 0.188259
791 0.188258
792 0.188258
793 0.188257
794 0.188256
795 0.188255
796 0.188254
797 0.188253
798 0.188252
799 0.188251
800 0.188251
801 0.18825
802 0.188249
803 0.188248
804 0.188247
805 0.188246
806 0.188245
807 0.188245
808 0.188244
809 0.188243
810 0.188242
811 0.188241
812 0.18824
813 0.188239
814 0.188239
815 0.188238
816 0.188237
817 0.188236
818 0.188235
819 0.188234
820 0.188234
821 0.188233
822 0.188232
823 0.188231
824 0.18823
825 0.18823
826 0.188229
827 0.188228
828 0.188227
829 0.188226
830 0.188225
831 0.188225
832 0.188224
833 0.188223
834 0.188222
835 0.188221
836 0.188221
837 0.18822
838 0.188219
839 0.188218
840 0.188217
841 0.188217
842 0.188216
843 0.188215
844 0.188214
845 0.188214
846 0.188213
847 0.188212
848 0.188211
849 0.18821
850 0.18821
851 0.188209
852 0.188208
853 0.188207
854 0.188207
855 0.188206
856 0.188205
857 0.188204
858 0.188204
859 0.188203
860 0.188202
861 0.188201
862 0.188201
863 0.1882
864 0.188199
865 0.188198
866 0.188198
867 0.188197
868 0.188196
869 0.188195
870 0.188195
871 0.188194
872 0.188193
873 0.188192
874 0.188192
875 0.188191
876 0.18819
877 0.188189
878 0.188189
879 0.188188
880 0.188187
881 0.188187
882 0.188186
883 0.188185
884 0.188184
885 0.188184
886 0.188183
887 0.188182
888 0.188182
889 0.188181
890 0.18818
891 0.188179
892 0.188179
893 0.188178
894 0.188177
895 0.188177
896 0.188176
897 0.188175
898 0.188175
899 0.188174
900 0.188173
901 0.188172
902 0.188172
903 0.188171
904 0.18817
905 0.18817
906 0.188169
907 0.188168
908 0.188168
909 0.188167
910 0.188166
911 0.188166
912 0.188165
913 0.188164
914 0.188164
915 0.188163
916 0.188162
917 0.188162
918 0.188161
919 0.18816
920 0.18816
921 0.188159
922 0.188158
923 0.188158
924 0.188157
925 0.188156
926 0.188156
927 0.188155
928 0.188154
929 0.188154
930 0.188153
931 0.188152
932 0.188152
933 0.188151
934 0.18815
935 0.18815
936 0.188149
937 0.188148
938 0.188148
939 0.188147
940 0.188147
941 0.188146
942 0.188145
943 0.188145
944 0.188144
945 0.188143
946 0.188143
947 0.188142
948 0.188141
949 0.188141
950 0.18814
951 0.18814
952 0.188139
953 0.188138
954 0.188138
955 0.188137
956 0.188137
957 0.188136
958 0.188135
959 0.188135
960 0.188134
961 0.188133
962 0.188133
963 0.188132
964 0.188132
965 0.188131
966 0.18813
967 0.18813
968 0.188129
969 0.188129
970 0.188128
971 0.188127
972 0.188127
973 0.188126
974 0.188126
975 0.188125
976 0.188124
977 0.188124
978 0.188123
979 0.188123
980 0.188122
981 0.188121
982 0.188121
983 0.18812
984 0.18812
985 0.188119
986 0.188119
987 0.188118
988 0.188117
989 0.188117
990 0.188116
991 0.188116
992 0.188115
993 0.188114
994 0.188114
995 0.188113
996 0.188113
997 0.188112
998 0.188112
999 0.188111
1000 0.18811
1001 0.18811
1002 0.188109
1003 0.188109
1004 0.188108
1005 0.188108
1006 0.188107
1007 0.188107
1008 0.188106
1009 0.188105
1010 0.188105
1011 0.188104
1012 0.188104
1013 0.188103
1014 0.188103
1015 0.188102
1016 0.188102
1017 0.188101
1018 0.1881
1019 0.1881
1020 0.188099
1021 0.188099
1022 0.188098
1023 0.188098
1024 0.188097
1025 0.188097
1026 0.188096
1027 0.188096
1028 0.188095
1029 0.188095
1030 0.188094
1031 0.188093
1032 0.188093
1033 0.188092
1034 0.188092
1035 0.188091
1036 0.188091
1037 0.18809
1038 0.18809
1039 0.188089
1040 0.188089
1041 0.188088
1042 0.188088
1043 0.188087
1044 0.188087
1045 0.188086
1046 0.188086
1047 0.188085
1048 0.188085
1049 0.188084
1050 0.188083
1051 0.188083
1052 0.188082
1053 0.188082
1054 0.188081
1055 0.188081
1056 0.18808
1057 0.18808
1058 0.188079
1059 0.188079
1060 0.188078
1061 0.188078
1062 0.188077
1063 0.188077
1064 0.188076
1065 0.188076
1066 0.188075
1067 0.188075
1068 0.188074
1069 0.188074
1070 0.188073
1071 0.188073
1072 0.188072
1073 0.188072
1074 0.188071
1075 0.188071
1076 0.18807
1077 0.18807
1078 0.188069
1079 0.188069
1080 0.188068
1081 0.188068
1082 0.188067
1083 0.188067
1084 0.188066
1085 0.188066
1086 0.188065
1087 0.188065
1088 0.188065
1089 0.188064
1090 0.188064
1091 0.188063
1092 0.188063
1093 0.188062
1094 0.188062
1095 0.188061
1096 0.188061
1097 0.18806
1098 0.18806
1099 0.188059
1100 0.188059
1101 0.188058
1102 0.188058
1103 0.188057
1104 0.188057
1105 0.188056
1106 0.188056
1107 0.188056
1108 0.188055
1109 0.188055
1110 0.188054
1111 0.188054
1112 0.188053
1113 0.188053
1114 0.188052
1115 0.188052
1116 0.188051
1117 0.188051
1118 0.18805
1119 0.18805
1120 0.18805
1121 0.188049
1122 0.188049
1123 0.188048
1124 0.188048
1125 0.188047
1126 0.188047
1127 0.188046
1128 0.188046
1129 0.188045
1130 0.188045
1131 0.188045
1132 0.188044
1133 0.188044
1134 0.188043
1135 0.188043
1136 0.188042
1137 0.188042
1138 0.188041
1139 0.188041
1140 0.188041
1141 0.18804
1142 0.18804
1143 0.188039
1144 0.188039
1145 0.188038
1146 0.188038
1147 0.188038
1148 0.188037
1149 0.188037
1150 0.188036
1151 0.188036
1152 0.188035
1153 0.188035
1154 0.188034
1155 0.188034
1156 0.188034
1157 0.188033
1158 0.188033
1159 0.188032
1160 0.188032
1161 0.188031
1162 0.188031
1163 0.188031
1164 0.18803
1165 0.18803
1166 0.188029
1167 0.188029
1168 0.188029
1169 0.188028
1170 0.188028
1171 0.188027
1172 0.188027
1173 0.188026
1174 0.188026
1175 0.188026
1176 0.188025
1177 0.188025
1178 0.188024
1179 0.188024
1180 0.188024
1181 0.188023
1182 0.188023
1183 0.188022
1184 0.188022
1185 0.188021
1186 0.188021
1187 0.188021
1188 0.18802
1189 0.18802
1190 0.188019
1191 0.188019
1192 0.188019
1193 0.188018
1194 0.188018
1195 0.188017
1196 0.188017
1197 0.188017
1198 0.188016
1199 0.188016
1200 0.188015
1201 0.188015
1202 0.188015
1203 0.188014
1204 0.188014
1205 0.188013
1206 0.188013
1207 0.188013
1208 0.188012
1209 0.188012
1210 0.188011
1211 0.188011
1212 0.188011
1213 0.18801
1214 0.18801
1215 0.18801
1216 0.188009
1217 0.188009
1218 0.188008
1219 0.188008
1220 0.188008
1221 0.188007
1222 0.188007
1223 0.188006
1224 0.188006
1225 0.188006
1226 0.188005
1227 0.188005
1228 0.188004
1229 0.188004
1230 0.188004
1231 0.188003
1232 0.188003
1233 0.188003
1234 0.188002
1235 0.188002
1236 0.188001
1237 0.188001
1238 0.188001
1239 0.188
1240 0.188
1241 0.188
1242 0.187999
1243 0.187999
1244 0.187998
1245 0.187998
1246 0.187998
1247 0.187997
1248 0.187997
1249 0.187997
1250 0.187996
1251 0.187996
1252 0.187996
1253 0.187995
1254 0.187995
1255 0.187994
1256 0.187994
1257 0.187994
1258 0.187993
1259 0.187993
1260 0.187993
1261 0.187992
1262 0.187992
1263 0.187991
1264 0.187991
1265 0.187991
1266 0.18799
1267 0.18799
1268 0.18799
1269 0.187989
1270 0.187989
1271 0.187989
1272 0.187988
1273 0.187988
1274 0.187988
1275 0.187987
1276 0.187987
1277 0.187986
1278 0.187986
1279 0.187986
1280 0.187985
1281 0.187985
1282 0.187985
1283 0.187984
1284 0.187984
1285 0.187984
1286 0.187983
1287 0.187983
1288 0.187983
1289 0.187982
1290 0.187982
1291 0.187982
1292 0.187981
1293 0.187981
1294 0.187981
1295 0.18798
1296 0.18798
1297 0.18798
1298 0.187979
1299 0.187979
1300 0.187978
1301 0.187978
1302 0.187978
1303 0.187977
1304 0.187977
1305 0.187977
1306 0.187976
1307 0.187976
1308 0.187976
1309 0.187975
1310 0.187975
1311 0.187975
1312 0.187974
1313 0.187974
1314 0.187974
1315 0.187973
1316 0.187973
1317 0.187973
1318 0.187972
1319 0.187972
1320 0.187972
1321 0.187971
1322 0.187971
1323 0.187971
1324 0.18797
1325 0.18797
1326 0.18797
1327 0.187969
1328 0.187969
1329 0.187969
1330 0.187968
1331 0.187968
1332 0.187968
1333 0.187967
1334 0.187967
1335 0.187967
1336 0.187966
1337 0.187966
1338 0.187966
1339 0.187966
1340 0.187965
1341 0.187965
1342 0.187965
1343 0.187964
1344 0.187964
1345 0.187964
1346 0.187963
1347 0.187963
1348 0.187963
1349 0.187962
1350 0.187962
1351 0.187962
1352 0.187961
1353 0.187961
1354 0.187961
1355 0.18796
1356 0.18796
1357 0.18796
1358 0.187959
1359 0.187959
1360 0.187959
1361 0.187959
1362 0.187958
1363 0.187958
1364 0.187958
1365 0.187957
1366 0.187957
1367 0.187957
1368 0.187956
1369 0.187956
1370 0.187956
1371 0.187955
1372 0.187955
1373 0.187955
1374 0.187955
1375 0.187954
1376 0.187954
1377 0.187954
1378 0.187953
1379 0.187953
1380 0.187953
1381 0.187952
1382 0.187952
1383 0.187952
1384 0.187951
1385 0.187951
1386 0.187951
1387 0.187951
1388 0.18795
1389 0.18795
1390 0.18795
1391 0.187949
1392 0.187949
1393 0.187949
1394 0.187948
1395 0.187948
1396 0.187948
1397 0.187948
1398 0.187947
1399 0.187947
1400 0.187947
1401 0.187946
1402 0.187946
1403 0.187946
1404 0.187945
1405 0.187945
1406 0.187945
1407 0.187945
1408 0.187944
1409 0.187944
1410 0.187944
1411 0.187943
1412 0.187943
1413 0.187943
1414 0.187943
1415 0.187942
1416 0.187942
1417 0.187942
1418 0.187941
1419 0.187941
1420 0.187941
1421 0.187941
1422 0.18794
1423 0.18794
1424 0.18794
1425 0.187939
1426 0.187939
1427 0.187939
1428 0.187939
1429 0.187938
1430 0.187938
1431 0.187938
1432 0.187937
1433 0.187937
1434 0.187937
1435 0.187937
1436 0.187936
1437 0.187936
1438 0.187936
1439 0.187935
1440 0.187935
1441 0.187935
1442 0.187935
1443 0.187934
1444 0.187934
1445 0.187934
1446 0.187933
1447 0.187933
1448 0.187933
1449 0.187933
1450 0.187932
1451 0.187932
1452 0.187932
1453 0.187932
1454 0.187931
1455 0.187931
1456 0.187931
1457 0.18793
1458 0.18793
1459 0.18793
1460 0.18793
1461 0.187929
1462 0.187929
1463 0.187929
1464 0.187929
1465 0.187928
1466 0.187928
1467 0.187928
1468 0.187927
1469 0.187927
1470 0.187927
1471 0.187927
1472 0.187926
1473 0.187926
1474 0.187926
1475 0.187926
1476 0.187925
1477 0.187925
1478 0.187925
1479 0.187924
1480 0.187924
1481 0.187924
1482 0.187924
1483 0.187923
1484 0.187923
1485 0.187923
1486 0.187923
1487 0.187922
1488 0.187922
1489 0.187922
1490 0.187922
1491 0.187921
1492 0.187921
1493 0.187921
1494 0.187921
1495 0.18792
1496 0.18792
1497 0.18792
1498 0.187919
1499 0.187919
1500 0.187919
