0 0.489352
1 0.486203
2 0.480695
3 0.469204
4 0.437345
5 0.33519
6 0.290804
7 0.27234
8 0.279278
9 0.278351
10 0.25723
11 0.227221
12 0.198509
13 0.19464
14 0.20498
15 0.205698
16 0.204967
17 0.204451
18 0.203891
19 0.203295
20 0.202692
21 0.202101
22 0.201535
23 0.200998
24 0.200492
25 0.200018
26 0.199575
27 0.199161
28 0.198773
29 0.198411
30 0.198071
31 0.197752
32 0.197453
33 0.197171
34 0.196905
35 0.196654
36 0.196417
37 0.196193
38 0.19598
39 0.195778
40 0.195585
41 0.195402
42 0.195228
43 0.195061
44 0.194902
45 0.19475
46 0.194604
47 0.194464
48 0.19433
49 0.194202
50 0.194078
51 0.193959
52 0.193845
53 0.193735
54 0.193628
55 0.193526
56 0.193427
57 0.193331
58 0.193239
59 0.19315
60 0.193063
61 0.19298
62 0.192899
63 0.19282
64 0.192744
65 0.19267
66 0.192598
67 0.192529
68 0.192461
69 0.192395
70 0.192331
71 0.192269
72 0.192209
73 0.19215
74 0.192092
75 0.192036
76 0.191982
77 0.191929
78 0.191877
79 0.191826
80 0.191777
81 0.191729
82 0.191682
83 0.191636
84 0.191591
85 0.191547
86 0.191504
87 0.191463
88 0.191422
89 0.191381
90 0.191342
91 0.191304
92 0.191266
93 0.191229
94 0.191193
95 0.191158
96 0.191123
97 0.191089
98 0.191056
99 0.191023
100 0.190992
101 0.19096
102 0.190929
103 0.190899
104 0.190869
105 0.19084
106 0.190812
107 0.190784
108 0.190756
109 0.190729
110 0.190702
111 0.190676
112 0.190651
113 0.190625
114 0.190601
115 0.190576
116 0.190552
117 0.190528
118 0.190505
119 0.190482
120 0.19046
121 0.190438
122 0.190416
123 0.190395
124 0.190373
125 0.190353
126 0.190332
127 0.190312
128 0.190292
129 0.190273
130 0.190253
131 0.190234
132 0.190216
133 0.190197
134 0.190179
135 0.190161
136 0.190144
137 0.190126
138 0.190109
139 0.190092
140 0.190075
141 0.190059
142 0.190043
143 0.190027
144 0.190011
145 0.189995
146 0.18998
147 0.189965
148 0.18995
149 0.189935
150 0.18992
151 0.189906
152 0.189891
153 0.189877
154 0.189864
155 0.18985
156 0.189836
157 0.189823
158 0.18981
159 0.189797
160 0.189784
161 0.189771
162 0.189758
163 0.189746
164 0.189734
165 0.189721
166 0.189709
167 0.189698
168 0.189686
169 0.189674
170 0.189663
171 0.189651
172 0.18964
173 0.189629
174 0.189618
175 0.189607
176 0.189596
177 0.189586
178 0.189575
179 0.189565
180 0.189555
181 0.189544
182 0.189534
183 0.189524
184 0.189515
185 0.189505
186 0.189495
187 0.189486
188 0.189476
189 0.189467
190 0.189458
191 0.189448
192 0.189439
193 0.18943
194 0.189421
195 0.189413
196 0.189404
197 0.189395
198 0.189387
199 0.189378
200 0.18937
201 0.189362
202 0.189353
203 0.189345
204 0.189337
205 0.189329
206 0.189321
207 0.189313
208 0.189305
209 0.189298
210 0.18929
211 0.189283
212 0.189275
213 0.189268
214 0.18926
215 0.189253
216 0.189246
217 0.189239
218 0.189231
219 0.189224
220 0.189217
221 0.189211
222 0.189204
223 0.189197
224 0.18919
225 0.189183
226 0.189177
227 0.18917
228 0.189164
229 0.189157
230 0.189151
231 0.189144
232 0.189138
233 0.189132
234 0.189126
235 0.18912
236 0.189113
237 0.189107
238 0.189101
239 0.189095
240 0.18909
241 0.189084
242 0.189078
243 0.189072
244 0.189066
245 0.189061
246 0.189055
247 0.18905
248 0.189044
249 0.189039
250 0.189033
251 0.189028
252 0.189022
253 0.189017
254 0.189012
255 0.189006
256 0.189001
257 0.188996
258 0.188991
259 0.188986
260 0.188981
261 0.188976
262 0.188971
263 0.188966
264 0.188961
265 0.188956
266 0.188951
267 0.188946
268 0.188942
269 0.188937
270 0.188932
271 0.188927
272 0.188923
273 0.188918
274 0.188914
275 0.188909
276 0.188905
277 0.1889
278 0.188896
279 0.188891
280 0.188887
281 0.188883
282 0.188878
283 0.188874
284 0.18887
285 0.188865
286 0.188861
287 0.188857
288 0.188853
289 0.188849
290 0.188845
291 0.188841
292 0.188836
293 0.188832
294 0.188828
295 0.188825
296 0.188821
297 0.188817
298 0.188813
299 0.188809
300 0.188805
301 0.188801
302 0.188797
303 0.188794
304 0.18879
305 0.188786
306 0.188783
307 0.188779
308 0.188775
309 0.188772
310 0.188768
311 0.188764
312 0.188761
313 0.188757
314 0.188754
315 0.18875
316 0.188747
317 0.188743
318 0.18874
319 0.188737
320 0.188733
321 0.18873
322 0.188726
323 0.188723
324 0.18872
325 0.188717
326 0.188713
327 0.18871
328 0.188707
329 0.188704
330 0.1887
331 0.188697
332 0.188694
333 0.188691
334 0.188688
335 0.188685
336 0.188682
337 0.188679
338 0.188675
339 0.188672
340 0.188669
341 0.188666
342 0.188663
343 0.18866
344 0.188658
345 0.188655
346 0.188652
347 0.188649
348 0.188646
349 0.188643
350 0.18864
351 0.188637
352 0.188635
353 0.188632
354 0.188629
355 0.188626
356 0.188623
357 0.188621
358 0.188618
359 0.188615
360 0.188613
361 0.18861
362 0.188607
363 0.188604
364 0.188602
365 0.188599
366 0.188597
367 0.188594
368 0.188591
369 0.188589
370 0.188586
371 0.188584
372 0.188581
373 0.188579
374 0.188576
375 0.188574
376 0.188571
377 0.188569
378 0.188566
379 0.188564
380 0.188561
381 0.188559
382 0.188557
383 0.188554
384 0.188552
385 0.188549
386 0.188547
387 0.188545
388 0.188542
389 0.18854
390 0.188538
391 0.188535
392 0.188533
393 0.188531
394 0.188529
395 0.188526
396 0.188524
397 0.188522
398 0.18852
399 0.188517
400 0.188515
401 0.188513
402 0.188511
403 0.188509
404 0.188506
405 0.188504
406 0.188502
407 0.1885
408 0.188498
409 0.188496
410 0.188494
411 0.188492
412 0.18849
413 0.188487
414 0.188485
415 0.188483
416 0.188481
417 0.188479
418 0.188477
419 0.188475
420 0.188473
421 0.188471
422 0.188469
423 0.188467
424 0.188465
425 0.188463
426 0.188461
427 0.188459
428 0.188457
429 0.188456
430 0.188454
431 0.188452
432 0.18845
433 0.188448
434 0.188446
435 0.188444
436 0.188442
437 0.18844
438 0.188439
439 0.188437
440 0.188435
441 0.188433
442 0.188431
443 0.188429
444 0.188428
445 0.188426
446 0.188424
447 0.188422
448 0.188421
449 0.188419
450 0.188417
451 0.188415
452 0.188414
453 0.188412
454 0.18841
455 0.188408
456 0.188407
457 0.188405
458 0.188403
459 0.188402
460 0.1884
461 0.188398
462 0.188397
463 0.188395
464 0.188393
465 0.188392
466 0.18839
467 0.188388
468 0.188387
469 0.188385
470 0.188383
471 0.188382
472 0.18838
473 0.188379
474 0.188377
475 0.188375
476 0.188374
477 0.188372
478 0.188371
479 0.188369
480 0.188368
481 0.188366
482 0.188365
483 0.188363
484 0.188361
485 0.18836
486 0.188358
487 0.188357
488 0.188355
489 0.188354
490 0.188352
491 0.188351
492 0.188349
493 0.188348
494 0.188347
495 0.188345
496 0.188344
497 0.188342
498 0.188341
499 0.188339
500 0.188338
501 0.188336
502 0.188335
503 0.188334
504 0.188332
505 0.188331
506 0.188329
507 0.188328
508 0.188327
509 0.188325
510 0.188324
511 0.188322
512 0.188321
513 0.18832
514 0.188318
515 0.188317
516 0.188316
517 0.188314
518 0.188313
519 0.188312
520 0.18831
521 0.188309
522 0.188308
523 0.188306
524 0.188305
525 0.188304
526 0.188302
527 0.188301
528 0.1883
529 0.188299
530 0.188297
531 0.188296
532 0.188295
533 0.188293
534 0.188292
535 0.188291
536 0.18829
537 0.188288
538 0.188287
539 0.188286
540 0.188285
541 0.188283
542 0.188282
543 0.188281
544 0.18828
545 0.188279
546 0.188277
547 0.188276
548 0.188275
549 0.188274
550 0.188273
551 0.188271
552 0.18827
553 0.188269
554 0.188268
555 0.188267
556 0.188265
557 0.188264
558 0.188263
559 0.188262
560 0.188261
561 0.18826
562 0.188259
563 0.188257
564 0.188256
565 0.188255
566 0.188254
567 0.188253
568 0.188252
569 0.188251
570 0.18825
571 0.188248
572 0.188247
573 0.188246
574 0.188245
575 0.188244
576 0.188243
577 0.188242
578 0.188241
579 0.18824
580 0.188239
581 0.188237
582 0.188236
583 0.188235
584 0.188234
585 0.188233
586 0.188232
587 0.188231
588 0.18823
589 0.188229
590 0.188228
591 0.188227
592 0.188226
593 0.188225
594 0.188224
595 0.188223
596 0.188222
597 0.188221
598 0.18822
599 0.188219
600 0.188218
601 0.188217
602 0.188216
603 0.188215
604 0.188214
605 0.188213
606 0.188212
607 0.188211
608 0.18821
609 0.188209
610 0.188208
611 0.188207
612 0.188206
613 0.188205
614 0.188204
615 0.188203
616 0.188202
617 0.188201
618 0.1882
619 0.188199
620 0.188198
621 0.188197
622 0.188196
623 0.188195
624 0.188194
625 0.188193
626 0.188193
627 0.188192
628 0.188191
629 0.18819
630 0.188189
631 0.188188
632 0.188187
633 0.188186
634 0.188185
635 0.188184
636 0.188183
637 0.188182
638 0.188182
639 0.188181
640 0.18818
641 0.188179
642 0.188178
643 0.188177
644 0.188176
645 0.188175
646 0.188175
647 0.188174
648 0.188173
649 0.188172
650 0.188171
651 0.18817
652 0.188169
653 0.188168
654 0.188168
655 0.188167
656 0.188166
657 0.188165
658 0.188164
659 0.188163
660 0.188162
661 0.188162
662 0.188161
663 0.18816
664 0.188159
665 0.188158
666 0.188157
667 0.188157
668 0.188156
669 0.188155
670 0.188154
671 0.188153
672 0.188153
673 0.188152
674 0.188151
675 0.18815
676 0.188149
677 0.188149
678 0.188148
679 0.188147
680 0.188146
681 0.188145
682 0.188145
683 0.188144
684 0.188143
685 0.188142
686 0.188141
687 0.188141
688 0.18814
689 0.188139
690 0.188138
691 0.188138
692 0.188137
693 0.188136
694 0.188135
695 0.188134
696 0.188134
697 0.188133
698 0.188132
699 0.188131
700 0.188131
701 0.18813
702 0.188129
703 0.188128
704 0.188128
705 0.188127
706 0.188126
707 0.188125
708 0.188125
709 0.188124
710 0.188123
711 0.188123
712 0.188122
713 0.188121
714 0.18812
715 0.18812
716 0.188119
717 0.188118
718 0.188118
719 0.188117
720 0.188116
721 0.188115
722 0.188115
723 0.188114
724 0.188113
725 0.188113
726 0.188112
727 0.188111
728 0.18811
729 0.18811
730 0.188109
731 0.188108
732 0.188108
733 0.188107
734 0.188106
735 0.188106
736 0.188105
737 0.188104
738 0.188104
739 0.188103
740 0.188102
741 0.188102
742 0.188101
743 0.1881
744 0.1881
745 0.188099
746 0.188098
747 0.188098
748 0.188097
749 0.188096
750 0.188096
751 0.188095
752 0.188094
753 0.188094
754 0.188093
755 0.188092
756 0.188092
757 0.188091
758 0.18809
759 0.18809
760 0.188089
761 0.188088
762 0.188088
763 0.188087
764 0.188086
765 0.188086
766 0.188085
767 0.188085
768 0.188084
769 0.188083
770 0.188083
771 0.188082
772 0.188081
773 0.188081
774 0.18808
775 0.18808
776 0.188079
777 0.188078
778 0.188078
779 0.188077
780 0.188077
781 0.188076
782 0.188075
783 0.188075
784 0.188074
785 0.188073
786 0.188073
787 0.188072
788 0.188072
789 0.188071
790 0.18807
791 0.18807
792 0.188069
793 0.188069
794 0.188068
795 0.188068
796 0.188067
797 0.188066
798 0.188066
799 0.188065
800 0.188065
801 0.188064
802 0.188063
803 0.188063
804 0.188062
805 0.188062
806 0.188061
807 0.188061
808 0.18806
809 0.188059
810 0.188059
811 0.188058
812 0.188058
813 0.188057
814 0.188057
815 0.188056
816 0.188055
817 0.188055
818 0.188054
819 0.188054
820 0.188053
821 0.188053
822 0.188052
823 0.188052
824 0.188051
825 0.18805
826 0.18805
827 0.188049
828 0.188049
829 0.188048
830 0.188048
831 0.188047
832 0.188047
833 0.188046
834 0.188046
835 0.188045
836 0.188044
837 0.188044
838 0.188043
839 0.188043
840 0.188042
841 0.188042
842 0.188041
843 0.188041
844 0.18804
845 0.18804
846 0.188039
847 0.188039
848 0.188038
849 0.188038
850 0.188037
851 0.188037
852 0.188036
853 0.188036
854 0.188035
855 0.188034
856 0.188034
857 0.188033
858 0.188033
859 0.188032
860 0.188032
861 0.188031
862 0.188031
863 0.18803
864 0.18803
865 0.188029
866 0.188029
867 0.188028
868 0.188028
869 0.188027
870 0.188027
871 0.188026
872 0.188026
873 0.188025
874 0.188025
875 0.188024
876 0.188024
877 0.188023
878 0.188023
879 0.188022
880 0.188022
881 0.188022
882 0.188021
883 0.188021
884 0.18802
885 0.18802
886 0.188019
887 0.188019
888 0.188018
889 0.188018
890 0.188017
891 0.188017
892 0.188016
893 0.188016
894 0.188015
895 0.188015
896 0.188014
897 0.188014
898 0.188013
899 0.188013
900 0.188012
901 0.188012
902 0.188012
903 0.188011
904 0.188011
905 0.18801
906 0.18801
907 0.188009
908 0.188009
909 0.188008
910 0.188008
911 0.188007
912 0.188007
913 0.188007
914 0.188006
915 0.188006
916 0.188005
917 0.188005
918 0.188004
919 0.188004
920 0.188003
921 0.188003
922 0.188002
923 0.188002
924 0.188002
925 0.188001
926 0.188001
927 0.188
928 0.188
929 0.187999
930 0.187999
931 0.187998
932 0.187998
933 0.187998
934 0.187997
935 0.187997
936 0.187996
937 0.187996
938 0.187995
939 0.187995
940 0.187995
941 0.187994
942 0.187994
943 0.187993
944 0.187993
945 0.187992
946 0.187992
947 0.187992
948 0.187991
949 0.187991
950 0.18799
951 0.18799
952 0.187989
953 0.187989
954 0.187989
955 0.187988
956 0.187988
957 0.187987
958 0.187987
959 0.187987
960 0.187986
961 0.187986
962 0.187985
963 0.187985
964 0.187985
965 0.187984
966 0.187984
967 0.187983
968 0.187983
969 0.187982
970 0.187982
971 0.187982
972 0.187981
973 0.187981
974 0.18798
975 0.18798
976 0.18798
977 0.187979
978 0.187979
979 0.187978
980 0.187978
981 0.187978
982 0.187977
983 0.187977
984 0.187976
985 0.187976
986 0.187976
987 0.187975
988 0.187975
989 0.187975
990 0.187974
991 0.187974
992 0.187973
993 0.187973
994 0.187973
995 0.187972
996 0.187972
997 0.187971
998 0.187971
999 0.187971
1000 0.18797
1001 0.18797
1002 0.18797
1003 0.187969
1004 0.187969
1005 0.187968
1006 0.187968
1007 0.187968
1008 0.187967
1009 0.187967
1010 0.187967
1011 0.187966
1012 0.187966
1013 0.187965
1014 0.187965
1015 0.187965
1016 0.187964
1017 0.187964
1018 0.187964
1019 0.187963
1020 0.187963
1021 0.187962
1022 0.187962
1023 0.187962
1024 0.187961
1025 0.187961
1026 0.187961
1027 0.18796
1028 0.18796
1029 0.18796
1030 0.187959
1031 0.187959
1032 0.187958
1033 0.187958
1034 0.187958
1035 0.187957
1036 0.187957
1037 0.187957
1038 0.187956
1039 0.187956
1040 0.187956
1041 0.187955
1042 0.187955
1043 0.187955
1044 0.187954
1045 0.187954
1046 0.187953
1047 0.187953
1048 0.187953
1049 0.187952
1050 0.187952
1051 0.187952
1052 0.187951
1053 0.187951
1054 0.187951
1055 0.18795
1056 0.18795
1057 0.18795
1058 0.187949
1059 0.187949
1060 0.187949
1061 0.187948
1062 0.187948
1063 0.187948
1064 0.187947
1065 0.187947
1066 0.187947
1067 0.187946
1068 0.187946
1069 0.187946
1070 0.187945
1071 0.187945
1072 0.187945
1073 0.187944
1074 0.187944
1075 0.187944
1076 0.187943
1077 0.187943
1078 0.187943
1079 0.187942
1080 0.187942
1081 0.187942
1082 0.187941
1083 0.187941
1084 0.187941
1085 0.18794
1086 0.18794
1087 0.18794
1088 0.187939
1089 0.187939
1090 0.187939
1091 0.187938
1092 0.187938
1093 0.187938
1094 0.187937
1095 0.187937
1096 0.187937
1097 0.187936
1098 0.187936
1099 0.187936
1100 0.187935
1101 0.187935
1102 0.187935
1103 0.187934
1104 0.187934
1105 0.187934
1106 0.187933
1107 0.187933
1108 0.187933
1109 0.187933
1110 0.187932
1111 0.187932
1112 0.187932
1113 0.187931
1114 0.187931
1115 0.187931
1116 0.18793
1117 0.18793
1118 0.18793
1119 0.187929
1120 0.187929
1121 0.187929
1122 0.187928
1123 0.187928
1124 0.187928
1125 0.187928
1126 0.187927
1127 0.187927
1128 0.187927
1129 0.187926
1130 0.187926
1131 0.187926
1132 0.187925
1133 0.187925
1134 0.187925
1135 0.187925
1136 0.187924
1137 0.187924
1138 0.187924
1139 0.187923
1140 0.187923
1141 0.187923
1142 0.187922
1143 0.187922
1144 0.187922
1145 0.187922
1146 0.187921
1147 0.187921
1148 0.187921
1149 0.18792
1150 0.18792
1151 0.18792
1152 0.187919
1153 0.187919
1154 0.187919
1155 0.187919
1156 0.187918
1157 0.187918
1158 0.187918
1159 0.187917
1160 0.187917
1161 0.187917
1162 0.187917
1163 0.187916
1164 0.187916
1165 0.187916
1166 0.187915
1167 0.187915
1168 0.187915
1169 0.187915
1170 0.187914
1171 0.187914
1172 0.187914
1173 0.187913
1174 0.187913
1175 0.187913
1176 0.187913
1177 0.187912
1178 0.187912
1179 0.187912
1180 0.187911
1181 0.187911
1182 0.187911
1183 0.187911
1184 0.18791
1185 0.18791
1186 0.18791
1187 0.187909
1188 0.187909
1189 0.187909
1190 0.187909
1191 0.187908
1192 0.187908
1193 0.187908
1194 0.187908
1195 0.187907
1196 0.187907
1197 0.187907
1198 0.187906
1199 0.187906
1200 0.187906
1201 0.187906
1202 0.187905
1203 0.187905
1204 0.187905
1205 0.187905
1206 0.187904
1207 0.187904
1208 0.187904
1209 0.187903
1210 0.187903
1211 0.187903
1212 0.187903
1213 0.187902
1214 0.187902
1215 0.187902
1216 0.187902
1217 0.187901
1218 0.187901
1219 0.187901
1220 0.187901
1221 0.1879
1222 0.1879
1223 0.1879
1224 0.1879
1225 0.187899
1226 0.187899
1227 0.187899
1228 0.187898
1229 0.187898
1230 0.187898
1231 0.187898
1232 0.187897
1233 0.187897
1234 0.187897
1235 0.187897
1236 0.187896
1237 0.187896
1238 0.187896
1239 0.187896
1240 0.187895
1241 0.187895
1242 0.187895
1243 0.187895
1244 0.187894
1245 0.187894
1246 0.187894
1247 0.187894
1248 0.187893
1249 0.187893
1250 0.187893
1251 0.187893
1252 0.187892
1253 0.187892
1254 0.187892
1255 0.187892
1256 0.187891
1257 0.187891
1258 0.187891
1259 0.187891
1260 0.18789
1261 0.18789
1262 0.18789
1263 0.18789
1264 0.187889
1265 0.187889
1266 0.187889
1267 0.187889
1268 0.187888
1269 0.187888
1270 0.187888
1271 0.187888
1272 0.187887
1273 0.187887
1274 0.187887
1275 0.187887
1276 0.187886
1277 0.187886
1278 0.187886
1279 0.187886
1280 0.187885
1281 0.187885
1282 0.187885
1283 0.187885
1284 0.187884
1285 0.187884
1286 0.187884
1287 0.187884
1288 0.187884
1289 0.187883
1290 0.187883
1291 0.187883
1292 0.187883
1293 0.187882
1294 0.187882
1295 0.187882
1296 0.187882
1297 0.187881
1298 0.187881
1299 0.187881
1300 0.187881
1301 0.18788
1302 0.18788
1303 0.18788
1304 0.18788
1305 0.18788
1306 0.187879
1307 0.187879
1308 0.187879
1309 0.187879
1310 0.187878
1311 0.187878
1312 0.187878
1313 0.187878
1314 0.187877
1315 0.187877
1316 0.187877
1317 0.187877
1318 0.187877
1319 0.187876
1320 0.187876
1321 0.187876
1322 0.187876
1323 0.187875
1324 0.187875
1325 0.187875
1326 0.187875
1327 0.187875
1328 0.187874
1329 0.187874
1330 0.187874
1331 0.187874
1332 0.187873
1333 0.187873
1334 0.187873
1335 0.187873
1336 0.187872
1337 0.187872
1338 0.187872
1339 0.187872
1340 0.187872
1341 0.187871
1342 0.187871
1343 0.187871
1344 0.187871
1345 0.187871
1346 0.18787
1347 0.18787
1348 0.18787
1349 0.18787
1350 0.187869
1351 0.187869
1352 0.187869
1353 0.187869
1354 0.187869
1355 0.187868
1356 0.187868
1357 0.187868
1358 0.187868
1359 0.187867
1360 0.187867
1361 0.187867
1362 0.187867
1363 0.187867
1364 0.187866
1365 0.187866
1366 0.187866
1367 0.187866
1368 0.187866
1369 0.187865
1370 0.187865
1371 0.187865
1372 0.187865
1373 0.187864
1374 0.187864
1375 0.187864
1376 0.187864
1377 0.187864
1378 0.187863
1379 0.187863
1380 0.187863
1381 0.187863
1382 0.187863
1383 0.187862
1384 0.187862
1385 0.187862
1386 0.187862
1387 0.187862
1388 0.187861
1389 0.187861
1390 0.187861
1391 0.187861
1392 0.187861
1393 0.18786
1394 0.18786
1395 0.18786
1396 0.18786
1397 0.187859
1398 0.187859
1399 0.187859
1400 0.187859
1401 0.187859
1402 0.187858
1403 0.187858
1404 0.187858
1405 0.187858
1406 0.187858
1407 0.187857
1408 0.187857
1409 0.187857
1410 0.187857
1411 0.187857
1412 0.187856
1413 0.187856
1414 0.187856
1415 0.187856
1416 0.187856
1417 0.187855
1418 0.187855
1419 0.187855
1420 0.187855
1421 0.187855
1422 0.187854
1423 0.187854
1424 0.187854
1425 0.187854
1426 0.187854
1427 0.187853
1428 0.187853
1429 0.187853
1430 0.187853
1431 0.187853
1432 0.187852
1433 0.187852
1434 0.187852
1435 0.187852
1436 0.187852
1437 0.187851
1438 0.187851
1439 0.187851
1440 0.187851
1441 0.187851
1442 0.187851
1443 0.18785
1444 0.18785
1445 0.18785
1446 0.18785
1447 0.18785
1448 0.187849
1449 0.187849
1450 0.187849
1451 0.187849
1452 0.187849
1453 0.187848
1454 0.187848
1455 0.187848
1456 0.187848
1457 0.187848
1458 0.187847
1459 0.187847
1460 0.187847
1461 0.187847
1462 0.187847
1463 0.187847
1464 0.187846
1465 0.187846
1466 0.187846
1467 0.187846
1468 0.187846
1469 0.187845
1470 0.187845
1471 0.187845
1472 0.187845
1473 0.187845
1474 0.187844
1475 0.187844
1476 0.187844
1477 0.187844
1478 0.187844
1479 0.187844
1480 0.187843
1481 0.187843
1482 0.187843
1483 0.187843
1484 0.187843
1485 0.187842
1486 0.187842
1487 0.187842
1488 0.187842
1489 0.187842
1490 0.187842
1491 0.187841
1492 0.187841
1493 0.187841
1494 0.187841
1495 0.187841
1496 0.18784
1497 0.18784
1498 0.18784
1499 0.18784
1500 0.18784
