0 0.495633
1 0.495138
2 0.494519
3 0.493725
4 0.492673
5 0.491217
6 0.48908
7 0.48568
8 0.479572
9 0.466275
10 0.427206
11 0.320056
12 0.278665
13 0.268711
14 0.278059
15 0.276019
16 0.253976
17 0.225697
18 0.198896
19 0.186797
20 0.193291
21 0.200712
22 0.201831
23 0.201045
24 0.200577
25 0.200194
26 0.199818
27 0.199438
28 0.19906
29 0.198689
30 0.19833
31 0.197986
32 0.197657
33 0.197345
34 0.19705
35 0.196769
36 0.196504
37 0.196254
38 0.196016
39 0.195791
40 0.195578
41 0.195376
42 0.195184
43 0.195001
44 0.194827
45 0.194661
46 0.194503
47 0.194352
48 0.194208
49 0.19407
50 0.193937
51 0.19381
52 0.193689
53 0.193572
54 0.193459
55 0.193351
56 0.193247
57 0.193147
58 0.19305
59 0.192957
60 0.192867
61 0.19278
62 0.192696
63 0.192615
64 0.192536
65 0.19246
66 0.192386
67 0.192314
68 0.192245
69 0.192178
70 0.192112
71 0.192049
72 0.191987
73 0.191927
74 0.191869
75 0.191812
76 0.191757
77 0.191703
78 0.191651
79 0.1916
80 0.19155
81 0.191501
82 0.191454
83 0.191408
84 0.191363
85 0.191319
86 0.191276
87 0.191234
88 0.191193
89 0.191153
90 0.191114
91 0.191076
92 0.191038
93 0.191002
94 0.190966
95 0.190931
96 0.190896
97 0.190863
98 0.19083
99 0.190797
100 0.190766
101 0.190735
102 0.190704
103 0.190674
104 0.190645
105 0.190616
106 0.190588
107 0.190561
108 0.190534
109 0.190507
110 0.190481
111 0.190455
112 0.19043
113 0.190405
114 0.190381
115 0.190357
116 0.190333
117 0.19031
118 0.190288
119 0.190265
120 0.190243
121 0.190222
122 0.1902
123 0.19018
124 0.190159
125 0.190139
126 0.190119
127 0.190099
128 0.19008
129 0.190061
130 0.190042
131 0.190024
132 0.190006
133 0.189988
134 0.18997
135 0.189953
136 0.189936
137 0.189919
138 0.189902
139 0.189886
140 0.189869
141 0.189854
142 0.189838
143 0.189822
144 0.189807
145 0.189792
146 0.189777
147 0.189762
148 0.189748
149 0.189734
150 0.18972
151 0.189706
152 0.189692
153 0.189678
154 0.189665
155 0.189652
156 0.189639
157 0.189626
158 0.189613
159 0.189601
160 0.189588
161 0.189576
162 0.189564
163 0.189552
164 0.18954
165 0.189529
166 0.189517
167 0.189506
168 0.189494
169 0.189483
170 0.189472
171 0.189461
172 0.189451
173 0.18944
174 0.18943
175 0.189419
176 0.189409
177 0.189399
178 0.189389
179 0.189379
180 0.189369
181 0.189359
182 0.18935
183 0.18934
184 0.189331
185 0.189321
186 0.189312
187 0.189303
188 0.189294
189 0.189285
190 0.189276
191 0.189268
192 0.189259
193 0.18925
194 0.189242
195 0.189234
196 0.189225
197 0.189217
198 0.189209
199 0.189201
200 0.189193
201 0.189185
202 0.189177
203 0.18917
204 0.189162
205 0.189154
206 0.189147
207 0.189139
208 0.189132
209 0.189125
210 0.189117
211 0.18911
212 0.189103
213 0.189096
214 0.189089
215 0.189082
216 0.189075
217 0.189069
218 0.189062
219 0.189055
220 0.189049
221 0.189042
222 0.189035
223 0.189029
224 0.189023
225 0.189016
226 0.18901
227 0.189004
228 0.188998
229 0.188992
230 0.188986
231 0.18898
232 0.188974
233 0.188968
234 0.188962
235 0.188956
236 0.18895
237 0.188945
238 0.188939
239 0.188933
240 0.188928
241 0.188922
242 0.188917
243 0.188911
244 0.188906
245 0.188901
246 0.188895
247 0.18889
248 0.188885
249 0.18888
250 0.188875
251 0.188869
252 0.188864
253 0.188859
254 0.188854
255 0.18885
256 0.188845
257 0.18884
258 0.188835
259 0.18883
260 0.188825
261 0.188821
262 0.188816
263 0.188811
264 0.188807
265 0.188802
266 0.188798
267 0.188793
268 0.188789
269 0.188784
270 0.18878
271 0.188775
272 0.188771
273 0.188767
274 0.188762
275 0.188758
276 0.188754
277 0.18875
278 0.188746
279 0.188741
280 0.188737
281 0.188733
282 0.188729
283 0.188725
284 0.188721
285 0.188717
286 0.188713
287 0.188709
288 0.188706
289 0.188702
290 0.188698
291 0.188694
292 0.18869
293 0.188686
294 0.188683
295 0.188679
296 0.188675
297 0.188672
298 0.188668
299 0.188664
300 0.188661
301 0.188657
302 0.188654
303 0.18865
304 0.188647
305 0.188643
306 0.18864
307 0.188636
308 0.188633
309 0.18863
310 0.188626
311 0.188623
312 0.18862
313 0.188616
314 0.188613
315 0.18861
316 0.188607
317 0.188603
318 0.1886
319 0.188597
320 0.188594
321 0.188591
322 0.188588
323 0.188584
324 0.188581
325 0.188578
326 0.188575
327 0.188572
328 0.188569
329 0.188566
330 0.188563
331 0.18856
332 0.188557
333 0.188554
334 0.188552
335 0.188549
336 0.188546
337 0.188543
338 0.18854
339 0.188537
340 0.188534
341 0.188532
342 0.188529
343 0.188526
344 0.188523
345 0.188521
346 0.188518
347 0.188515
348 0.188513
349 0.18851
350 0.188507
351 0.188505
352 0.188502
353 0.188499
354 0.188497
355 0.188494
356 0.188492
357 0.188489
358 0.188487
359 0.188484
360 0.188482
361 0.188479
362 0.188477
363 0.188474
364 0.188472
365 0.188469
366 0.188467
367 0.188465
368 0.188462
369 0.18846
370 0.188457
371 0.188455
372 0.188453
373 0.18845
374 0.188448
375 0.188446
376 0.188443
377 0.188441
378 0.188439
379 0.188437
380 0.188434
381 0.188432
382 0.18843
383 0.188428
384 0.188425
385 0.188423
386 0.188421
387 0.188419
388 0.188417
389 0.188415
390 0.188412
391 0.18841
392 0.188408
393 0.188406
394 0.188404
395 0.188402
396 0.1884
397 0.188398
398 0.188396
399 0.188394
400 0.188392
401 0.18839
402 0.188388
403 0.188386
404 0.188384
405 0.188382
406 0.18838
407 0.188378
408 0.188376
409 0.188374
410 0.188372
411 0.18837
412 0.188368
413 0.188366
414 0.188364
415 0.188362
416 0.18836
417 0.188358
418 0.188357
419 0.188355
420 0.188353
421 0.188351
422 0.188349
423 0.188347
424 0.188346
425 0.188344
426 0.188342
427 0.18834
428 0.188338
429 0.188337
430 0.188335
431 0.188333
432 0.188331
433 0.18833
434 0.188328
435 0.188326
436 0.188324
437 0.188323
438 0.188321
439 0.188319
440 0.188318
441 0.188316
442 0.188314
443 0.188313
444 0.188311
445 0.188309
446 0.188308
447 0.188306
448 0.188304
449 0.188303
450 0.188301
451 0.1883
452 0.188298
453 0.188296
454 0.188295
455 0.188293
456 0.188292
457 0.18829
458 0.188288
459 0.188287
460 0.188285
461 0.188284
462 0.188282
463 0.188281
464 0.188279
465 0.188278
466 0.188276
467 0.188275
468 0.188273
469 0.188272
470 0.18827
471 0.188269
472 0.188267
473 0.188266
474 0.188264
475 0.188263
476 0.188261
477 0.18826
478 0.188259
479 0.188257
480 0.188256
481 0.188254
482 0.188253
483 0.188252
484 0.18825
485 0.188249
486 0.188247
487 0.188246
488 0.188245
489 0.188243
490 0.188242
491 0.18824
492 0.188239
493 0.188238
494 0.188236
495 0.188235
496 0.188234
497 0.188232
498 0.188231
499 0.18823
500 0.188228
501 0.188227
502 0.188226
503 0.188225
504 0.188223
505 0.188222
506 0.188221
507 0.188219
508 0.188218
509 0.188217
510 0.188216
511 0.188214
512 0.188213
513 0.188212
514 0.188211
515 0.188209
516 0.188208
517 0.188207
518 0.188206
519 0.188204
520 0.188203
521 0.188202
522 0.188201
523 0.1882
524 0.188198
525 0.188197
526 0.188196
527 0.188195
528 0.188194
529 0.188193
530 0.188191
531 0.18819
532 0.188189
533 0.188188
534 0.188187
535 0.188186
536 0.188184
537 0.188183
538 0.188182
539 0.188181
540 0.18818
541 0.188179
542 0.188178
543 0.188177
544 0.188175
545 0.188174
546 0.188173
547 0.188172
548 0.188171
549 0.18817
550 0.188169
551 0.188168
552 0.188167
553 0.188166
554 0.188165
555 0.188163
556 0.188162
557 0.188161
558 0.18816
559 0.188159
560 0.188158
561 0.188157
562 0.188156
563 0.188155
564 0.188154
565 0.188153
566 0.188152
567 0.188151
568 0.18815
569 0.188149
570 0.188148
571 0.188147
572 0.188146
573 0.188145
574 0.188144
575 0.188143
576 0.188142
577 0.188141
578 0.18814
579 0.188139
580 0.188138
581 0.188137
582 0.188136
583 0.188135
584 0.188134
585 0.188133
586 0.188132
587 0.188131
588 0.18813
589 0.188129
590 0.188128
591 0.188127
592 0.188126
593 0.188125
594 0.188124
595 0.188124
596 0.188123
597 0.188122
598 0.188121
599 0.18812
600 0.188119
601 0.188118
602 0.188117
603 0.188116
604 0.188115
605 0.188114
606 0.188113
607 0.188113
608 0.188112
609 0.188111
610 0.18811
611 0.188109
612 0.188108
613 0.188107
614 0.188106
615 0.188105
616 0.188105
617 0.188104
618 0.188103
619 0.188102
620 0.188101
621 0.1881
622 0.188099
623 0.188099
624 0.188098
625 0.188097
626 0.188096
627 0.188095
628 0.188094
629 0.188094
630 0.188093
631 0.188092
632 0.188091
633 0.18809
634 0.188089
635 0.188089
636 0.188088
637 0.188087
638 0.188086
639 0.188085
640 0.188085
641 0.188084
642 0.188083
643 0.188082
644 0.188081
645 0.188081
646 0.18808
647 0.188079
648 0.188078
649 0.188077
650 0.188077
651 0.188076
652 0.188075
653 0.188074
654 0.188073
655 0.188073
656 0.188072
657 0.188071
658 0.18807
659 0.18807
660 0.188069
661 0.188068
662 0.188067
663 0.188067
664 0.188066
665 0.188065
666 0.188064
667 0.188064
668 0.188063
669 0.188062
670 0.188061
671 0.188061
672 0.18806
673 0.188059
674 0.188058
675 0.188058
676 0.188057
677 0.188056
678 0.188056
679 0.188055
680 0.188054
681 0.188053
682 0.188053
683 0.188052
684 0.188051
685 0.188051
686 0.18805
687 0.188049
688 0.188048
689 0.188048
690 0.188047
691 0.188046
692 0.188046
693 0.188045
694 0.188044
695 0.188044
696 0.188043
697 0.188042
698 0.188041
699 0.188041
700 0.18804
701 0.188039
702 0.188039
703 0.188038
704 0.188037
705 0.188037
706 0.188036
707 0.188035
708 0.188035
709 0.188034
710 0.188033
711 0.188033
712 0.188032
713 0.188031
714 0.188031
715 0.18803
716 0.18803
717 0.188029
718 0.188028
719 0.188028
720 0.188027
721 0.188026
722 0.188026
723 0.188025
724 0.188024
725 0.188024
726 0.188023
727 0.188023
728 0.188022
729 0.188021
730 0.188021
731 0.18802
732 0.188019
733 0.188019
734 0.188018
735 0.188018
736 0.188017
737 0.188016
738 0.188016
739 0.188015
740 0.188014
741 0.188014
742 0.188013
743 0.188013
744 0.188012
745 0.188011
746 0.188011
747 0.18801
748 0.18801
749 0.188009
750 0.188008
751 0.188008
752 0.188007
753 0.188007
754 0.188006
755 0.188006
756 0.188005
757 0.188004
758 0.188004
759 0.188003
760 0.188003
761 0.188002
762 0.188001
763 0.188001
764 0.188
765 0.188
766 0.187999
767 0.187999
768 0.187998
769 0.187997
770 0.187997
771 0.187996
772 0.187996
773 0.187995
774 0.187995
775 0.187994
776 0.187994
777 0.187993
778 0.187992
779 0.187992
780 0.187991
781 0.187991
782 0.18799
783 0.18799
784 0.187989
785 0.187989
786 0.187988
787 0.187988
788 0.187987
789 0.187987
790 0.187986
791 0.187985
792 0.187985
793 0.187984
794 0.187984
795 0.187983
796 0.187983
797 0.187982
798 0.187982
799 0.187981
800 0.187981
801 0.18798
802 0.18798
803 0.187979
804 0.187979
805 0.187978
806 0.187978
807 0.187977
808 0.187977
809 0.187976
810 0.187976
811 0.187975
812 0.187975
813 0.187974
814 0.187974
815 0.187973
816 0.187973
817 0.187972
818 0.187972
819 0.187971
820 0.187971
821 0.18797
822 0.18797
823 0.187969
824 0.187969
825 0.187968
826 0.187968
827 0.187967
828 0.187967
829 0.187966
830 0.187966
831 0.187965
832 0.187965
833 0.187964
834 0.187964
835 0.187963
836 0.187963
837 0.187962
838 0.187962
839 0.187961
840 0.187961
841 0.18796
842 0.18796
843 0.187959
844 0.187959
845 0.187958
846 0.187958
847 0.187958
848 0.187957
849 0.187957
850 0.187956
851 0.187956
852 0.187955
853 0.187955
854 0.187954
855 0.187954
856 0.187953
857 0.187953
858 0.187952
859 0.187952
860 0.187952
861 0.187951
862 0.187951
863 0.18795
864 0.18795
865 0.187949
866 0.187949
867 0.187948
868 0.187948
869 0.187947
870 0.187947
871 0.187947
872 0.187946
873 0.187946
874 0.187945
875 0.187945
876 0.187944
877 0.187944
878 0.187944
879 0.187943
880 0.187943
881 0.187942
882 0.187942
883 0.187941
884 0.187941
885 0.187941
886 0.18794
887 0.18794
888 0.187939
889 0.187939
890 0.187938
891 0.187938
892 0.187938
893 0.187937
894 0.187937
895 0.187936
896 0.187936
897 0.187935
898 0.187935
899 0.187935
900 0.187934
901 0.187934
902 0.187933
903 0.187933
904 0.187933
905 0.187932
906 0.187932
907 0.187931
908 0.187931
909 0.187931
910 0.18793
911 0.18793
912 0.187929
913 0.187929
914 0.187928
915 0.187928
916 0.187928
917 0.187927
918 0.187927
919 0.187926
920 0.187926
921 0.187926
922 0.187925
923 0.187925
924 0.187925
925 0.187924
926 0.187924
927 0.187923
928 0.187923
929 0.187923
930 0.187922
931 0.187922
932 0.187921
933 0.187921
934 0.187921
935 0.18792
936 0.18792
937 0.187919
938 0.187919
939 0.187919
940 0.187918
941 0.187918
942 0.187918
943 0.187917
944 0.187917
945 0.187916
946 0.187916
947 0.187916
948 0.187915
949 0.187915
950 0.187915
951 0.187914
952 0.187914
953 0.187913
954 0.187913
955 0.187913
956 0.187912
957 0.187912
958 0.187912
959 0.187911
960 0.187911
961 0.187911
962 0.18791
963 0.18791
964 0.187909
965 0.187909
966 0.187909
967 0.187908
968 0.187908
969 0.187908
970 0.187907
971 0.187907
972 0.187907
973 0.187906
974 0.187906
975 0.187905
976 0.187905
977 0.187905
978 0.187904
979 0.187904
980 0.187904
981 0.187903
982 0.187903
983 0.187903
984 0.187902
985 0.187902
986 0.187902
987 0.187901
988 0.187901
989 0.187901
990 0.1879
991 0.1879
992 0.1879
993 0.187899
994 0.187899
995 0.187899
996 0.187898
997 0.187898
998 0.187898
999 0.187897
1000 0.187897
1001 0.187896
1002 0.187896
1003 0.187896
1004 0.187895
1005 0.187895
1006 0.187895
1007 0.187894
1008 0.187894
1009 0.187894
1010 0.187893
1011 0.187893
1012 0.187893
1013 0.187893
1014 0.187892
1015 0.187892
1016 0.187892
1017 0.187891
1018 0.187891
1019 0.187891
1020 0.18789
1021 0.18789
1022 0.18789
1023 0.187889
1024 0.187889
1025 0.187889
1026 0.187888
1027 0.187888
1028 0.187888
1029 0.187887
1030 0.187887
1031 0.187887
1032 0.187886
1033 0.187886
1034 0.187886
1035 0.187885
1036 0.187885
1037 0.187885
1038 0.187884
1039 0.187884
1040 0.187884
1041 0.187884
1042 0.187883
1043 0.187883
1044 0.187883
1045 0.187882
1046 0.187882
1047 0.187882
1048 0.187881
1049 0.187881
1050 0.187881
1051 0.18788
1052 0.18788
1053 0.18788
1054 0.18788
1055 0.187879
1056 0.187879
1057 0.187879
1058 0.187878
1059 0.187878
1060 0.187878
1061 0.187877
1062 0.187877
1063 0.187877
1064 0.187877
1065 0.187876
1066 0.187876
1067 0.187876
1068 0.187875
1069 0.187875
1070 0.187875
1071 0.187874
1072 0.187874
1073 0.187874
1074 0.187874
1075 0.187873
1076 0.187873
1077 0.187873
1078 0.187872
1079 0.187872
1080 0.187872
1081 0.187872
1082 0.187871
1083 0.187871
1084 0.187871
1085 0.18787
1086 0.18787
1087 0.18787
1088 0.18787
1089 0.187869
1090 0.187869
1091 0.187869
1092 0.187868
1093 0.187868
1094 0.187868
1095 0.187868
1096 0.187867
1097 0.187867
1098 0.187867
1099 0.187866
1100 0.187866
1101 0.187866
1102 0.187866
1103 0.187865
1104 0.187865
1105 0.187865
1106 0.187864
1107 0.187864
1108 0.187864
1109 0.187864
1110 0.187863
1111 0.187863
1112 0.187863
1113 0.187863
1114 0.187862
1115 0.187862
1116 0.187862
1117 0.187861
1118 0.187861
1119 0.187861
1120 0.187861
1121 0.18786
1122 0.18786
1123 0.18786
1124 0.18786
1125 0.187859
1126 0.187859
1127 0.187859
1128 0.187858
1129 0.187858
1130 0.187858
1131 0.187858
1132 0.187857
1133 0.187857
1134 0.187857
1135 0.187857
1136 0.187856
1137 0.187856
1138 0.187856
1139 0.187856
1140 0.187855
1141 0.187855
1142 0.187855
1143 0.187855
1144 0.187854
1145 0.187854
1146 0.187854
1147 0.187853
1148 0.187853
1149 0.187853
1150 0.187853
1151 0.187852
1152 0.187852
1153 0.187852
1154 0.187852
1155 0.187851
1156 0.187851
1157 0.187851
1158 0.187851
1159 0.18785
1160 0.18785
1161 0.18785
1162 0.18785
1163 0.187849
1164 0.187849
1165 0.187849
1166 0.187849
1167 0.187848
1168 0.187848
1169 0.187848
1170 0.187848
1171 0.187847
1172 0.187847
1173 0.187847
1174 0.187847
1175 0.187846
1176 0.187846
1177 0.187846
1178 0.187846
1179 0.187845
1180 0.187845
1181 0.187845
1182 0.187845
1183 0.187844
1184 0.187844
1185 0.187844
1186 0.187844
1187 0.187843
1188 0.187843
1189 0.187843
1190 0.187843
1191 0.187843
1192 0.187842
1193 0.187842
1194 0.187842
1195 0.187842
1196 0.187841
1197 0.187841
1198 0.187841
1199 0.187841
1200 0.18784
1201 0.18784
1202 0.18784
1203 0.18784
1204 0.187839
1205 0.187839
1206 0.187839
1207 0.187839
1208 0.187839
1209 0.187838
1210 0.187838
1211 0.187838
1212 0.187838
1213 0.187837
1214 0.187837
1215 0.187837
1216 0.187837
1217 0.187836
1218 0.187836
1219 0.187836
1220 0.187836
1221 0.187836
1222 0.187835
1223 0.187835
1224 0.187835
1225 0.187835
1226 0.187834
1227 0.187834
1228 0.187834
1229 0.187834
1230 0.187833
1231 0.187833
1232 0.187833
1233 0.187833
1234 0.187833
1235 0.187832
1236 0.187832
1237 0.187832
1238 0.187832
1239 0.187831
1240 0.187831
1241 0.187831
1242 0.187831
1243 0.187831
1244 0.18783
1245 0.18783
1246 0.18783
1247 0.18783
1248 0.187829
1249 0.187829
1250 0.187829
1251 0.187829
1252 0.187829
1253 0.187828
1254 0.187828
1255 0.187828
1256 0.187828
1257 0.187828
1258 0.187827
1259 0.187827
1260 0.187827
1261 0.187827
1262 0.187826
1263 0.187826
1264 0.187826
1265 0.187826
1266 0.187826
1267 0.187825
1268 0.187825
1269 0.187825
1270 0.187825
1271 0.187825
1272 0.187824
1273 0.187824
1274 0.187824
1275 0.187824
1276 0.187823
1277 0.187823
1278 0.187823
1279 0.187823
1280 0.187823
1281 0.187822
1282 0.187822
1283 0.187822
1284 0.187822
1285 0.187822
1286 0.187821
1287 0.187821
1288 0.187821
1289 0.187821
1290 0.187821
1291 0.18782
1292 0.18782
1293 0.18782
1294 0.18782
1295 0.18782
1296 0.187819
1297 0.187819
1298 0.187819
1299 0.187819
1300 0.187819
1301 0.187818
1302 0.187818
1303 0.187818
1304 0.187818
1305 0.187818
1306 0.187817
1307 0.187817
1308 0.187817
1309 0.187817
1310 0.187817
1311 0.187816
1312 0.187816
1313 0.187816
1314 0.187816
1315 0.187816
1316 0.187815
1317 0.187815
1318 0.187815
1319 0.187815
1320 0.187815
1321 0.187814
1322 0.187814
1323 0.187814
1324 0.187814
1325 0.187814
1326 0.187813
1327 0.187813
1328 0.187813
1329 0.187813
1330 0.187813
1331 0.187812
1332 0.187812
1333 0.187812
1334 0.187812
1335 0.187812
1336 0.187811
1337 0.187811
1338 0.187811
1339 0.187811
1340 0.187811
1341 0.18781
1342 0.18781
1343 0.18781
1344 0.18781
1345 0.18781
1346 0.18781
1347 0.187809
1348 0.187809
1349 0.187809
1350 0.187809
1351 0.187809
1352 0.187808
1353 0.187808
1354 0.187808
1355 0.187808
1356 0.187808
1357 0.187807
1358 0.187807
1359 0.187807
1360 0.187807
1361 0.187807
1362 0.187807
1363 0.187806
1364 0.187806
1365 0.187806
1366 0.187806
1367 0.187806
1368 0.187805
1369 0.187805
1370 0.187805
1371 0.187805
1372 0.187805
1373 0.187805
1374 0.187804
1375 0.187804
1376 0.187804
1377 0.187804
1378 0.187804
1379 0.187803
1380 0.187803
1381 0.187803
1382 0.187803
1383 0.187803
1384 0.187803
1385 0.187802
1386 0.187802
1387 0.187802
1388 0.187802
1389 0.187802
1390 0.187801
1391 0.187801
1392 0.187801
1393 0.187801
1394 0.187801
1395 0.187801
1396 0.1878
1397 0.1878
1398 0.1878
1399 0.1878
1400 0.1878
1401 0.1878
1402 0.187799
1403 0.187799
1404 0.187799
1405 0.187799
1406 0.187799
1407 0.187799
1408 0.187798
1409 0.187798
1410 0.187798
1411 0.187798
1412 0.187798
1413 0.187797
1414 0.187797
1415 0.187797
1416 0.187797
1417 0.187797
1418 0.187797
1419 0.187796
1420 0.187796
1421 0.187796
1422 0.187796
1423 0.187796
1424 0.187796
1425 0.187795
1426 0.187795
1427 0.187795
1428 0.187795
1429 0.187795
1430 0.187795
1431 0.187794
1432 0.187794
1433 0.187794
1434 0.187794
1435 0.187794
1436 0.187794
1437 0.187793
1438 0.187793
1439 0.187793
1440 0.187793
1441 0.187793
1442 0.187793
1443 0.187792
1444 0.187792
1445 0.187792
1446 0.187792
1447 0.187792
1448 0.187792
1449 0.187791
1450 0.187791
1451 0.187791
1452 0.187791
1453 0.187791
1454 0.187791
1455 0.18779
1456 0.18779
1457 0.18779
1458 0.18779
1459 0.18779
1460 0.18779
1461 0.187789
1462 0.187789
1463 0.187789
1464 0.187789
1465 0.187789
1466 0.187789
1467 0.187789
1468 0.187788
1469 0.187788
1470 0.187788
1471 0.187788
1472 0.187788
1473 0.187788
1474 0.187787
1475 0.187787
1476 0.187787
1477 0.187787
1478 0.187787
1479 0.187787
1480 0.187786
1481 0.187786
1482 0.187786
1483 0.187786
1484 0.187786
1485 0.187786
1486 0.187786
1487 0.187785
1488 0.187785
1489 0.187785
1490 0.187785
1491 0.187785
1492 0.187785
1493 0.187784
1494 0.187784
1495 0.187784
1496 0.187784
1497 0.187784
1498 0.187784
1499 0.187784
1500 0.187783
