0 0.498223
1 0.498143
2 0.498055
3 0.497959
4 0.497853
5 0.497735
6 0.497604
7 0.497457
8 0.497292
9 0.497103
10 0.496887
11 0.496636
12 0.496342
13 0.495992
14 0.495571
15 0.495053
16 0.494401
17 0.493559
18 0.49243
19 0.490846
20 0.488476
21 0.484599
22 0.477332
23 0.460406
24 0.407098
25 0.313683
26 0.27228
27 0.26822
28 0.278023
29 0.27197
30 0.245706
31 0.216894
32 0.193018
33 0.183117
34 0.186209
35 0.192451
36 0.197284
37 0.199203
38 0.19903
39 0.198336
40 0.197734
41 0.197264
42 0.196883
43 0.19656
44 0.196274
45 0.196017
46 0.195779
47 0.195557
48 0.195349
49 0.195151
50 0.194964
51 0.194786
52 0.194616
53 0.194454
54 0.194299
55 0.19415
56 0.194008
57 0.193871
58 0.19374
59 0.193614
60 0.193494
61 0.193377
62 0.193266
63 0.193158
64 0.193054
65 0.192954
66 0.192858
67 0.192765
68 0.192675
69 0.192589
70 0.192505
71 0.192424
72 0.192345
73 0.192269
74 0.192196
75 0.192125
76 0.192055
77 0.191988
78 0.191923
79 0.19186
80 0.191799
81 0.191739
82 0.191682
83 0.191625
84 0.191571
85 0.191517
86 0.191465
87 0.191415
88 0.191366
89 0.191318
90 0.191271
91 0.191225
92 0.191181
93 0.191138
94 0.191095
95 0.191054
96 0.191013
97 0.190974
98 0.190935
99 0.190898
100 0.190861
101 0.190825
102 0.19079
103 0.190755
104 0.190721
105 0.190688
106 0.190656
107 0.190624
108 0.190593
109 0.190563
110 0.190533
111 0.190504
112 0.190475
113 0.190447
114 0.19042
115 0.190393
116 0.190366
117 0.19034
118 0.190315
119 0.190289
120 0.190265
121 0.190241
122 0.190217
123 0.190194
124 0.190171
125 0.190148
126 0.190126
127 0.190104
128 0.190083
129 0.190062
130 0.190041
131 0.190021
132 0.190001
133 0.189981
134 0.189962
135 0.189943
136 0.189924
137 0.189905
138 0.189887
139 0.189869
140 0.189852
141 0.189834
142 0.189817
143 0.1898
144 0.189784
145 0.189767
146 0.189751
147 0.189735
148 0.18972
149 0.189704
150 0.189689
151 0.189674
152 0.189659
153 0.189645
154 0.18963
155 0.189616
156 0.189602
157 0.189588
158 0.189575
159 0.189561
160 0.189548
161 0.189535
162 0.189522
163 0.189509
164 0.189497
165 0.189484
166 0.189472
167 0.18946
168 0.189448
169 0.189436
170 0.189424
171 0.189413
172 0.189401
173 0.18939
174 0.189379
175 0.189368
176 0.189357
177 0.189346
178 0.189336
179 0.189325
180 0.189315
181 0.189305
182 0.189295
183 0.189285
184 0.189275
185 0.189265
186 0.189255
187 0.189246
188 0.189236
189 0.189227
190 0.189218
191 0.189209
192 0.1892
193 0.189191
194 0.189182
195 0.189173
196 0.189164
197 0.189156
198 0.189147
199 0.189139
200 0.189131
201 0.189122
202 0.189114
203 0.189106
204 0.189098
205 0.18909
206 0.189083
207 0.189075
208 0.189067
209 0.18906
210 0.189052
211 0.189045
212 0.189037
213 0.18903
214 0.189023
215 0.189016
216 0.189009
217 0.189002
218 0.188995
219 0.188988
220 0.188981
221 0.188974
222 0.188967
223 0.188961
224 0.188954
225 0.188948
226 0.188941
227 0.188935
228 0.188929
229 0.188922
230 0.188916
231 0.18891
232 0.188904
233 0.188898
234 0.188892
235 0.188886
236 0.18888
237 0.188874
238 0.188868
239 0.188863
240 0.188857
241 0.188851
242 0.188846
243 0.18884
244 0.188835
245 0.188829
246 0.188824
247 0.188818
248 0.188813
249 0.188808
250 0.188803
251 0.188797
252 0.188792
253 0.188787
254 0.188782
255 0.188777
256 0.188772
257 0.188767
258 0.188762
259 0.188757
260 0.188753
261 0.188748
262 0.188743
263 0.188738
264 0.188734
265 0.188729
266 0.188724
267 0.18872
268 0.188715
269 0.188711
270 0.188706
271 0.188702
272 0.188697
273 0.188693
274 0.188689
275 0.188684
276 0.18868
277 0.188676
278 0.188672
279 0.188668
280 0.188663
281 0.188659
282 0.188655
283 0.188651
284 0.188647
285 0.188643
286 0.188639
287 0.188635
288 0.188631
289 0.188627
290 0.188624
291 0.18862
292 0.188616
293 0.188612
294 0.188608
295 0.188605
296 0.188601
297 0.188597
298 0.188594
299 0.18859
300 0.188586
301 0.188583
302 0.188579
303 0.188576
304 0.188572
305 0.188569
306 0.188565
307 0.188562
308 0.188558
309 0.188555
310 0.188552
311 0.188548
312 0.188545
313 0.188542
314 0.188538
315 0.188535
316 0.188532
317 0.188529
318 0.188526
319 0.188522
320 0.188519
321 0.188516
322 0.188513
323 0.18851
324 0.188507
325 0.188504
326 0.188501
327 0.188498
328 0.188495
329 0.188492
330 0.188489
331 0.188486
332 0.188483
333 0.18848
334 0.188477
335 0.188474
336 0.188471
337 0.188468
338 0.188466
339 0.188463
340 0.18846
341 0.188457
342 0.188454
343 0.188452
344 0.188449
345 0.188446
346 0.188444
347 0.188441
348 0.188438
349 0.188436
350 0.188433
351 0.18843
352 0.188428
353 0.188425
354 0.188423
355 0.18842
356 0.188418
357 0.188415
358 0.188413
359 0.18841
360 0.188408
361 0.188405
362 0.188403
363 0.1884
364 0.188398
365 0.188395
366 0.188393
367 0.188391
368 0.188388
369 0.188386
370 0.188383
371 0.188381
372 0.188379
373 0.188376
374 0.188374
375 0.188372
376 0.18837
377 0.188367
378 0.188365
379 0.188363
380 0.188361
381 0.188358
382 0.188356
383 0.188354
384 0.188352
385 0.18835
386 0.188348
387 0.188345
388 0.188343
389 0.188341
390 0.188339
391 0.188337
392 0.188335
393 0.188333
394 0.188331
395 0.188329
396 0.188327
397 0.188325
398 0.188323
399 0.188321
400 0.188319
401 0.188317
402 0.188315
403 0.188313
404 0.188311
405 0.188309
406 0.188307
407 0.188305
408 0.188303
409 0.188301
410 0.188299
411 0.188297
412 0.188295
413 0.188293
414 0.188291
415 0.18829
416 0.188288
417 0.188286
418 0.188284
419 0.188282
420 0.18828
421 0.188279
422 0.188277
423 0.188275
424 0.188273
425 0.188272
426 0.18827
427 0.188268
428 0.188266
429 0.188265
430 0.188263
431 0.188261
432 0.188259
433 0.188258
434 0.188256
435 0.188254
436 0.188253
437 0.188251
438 0.188249
439 0.188248
440 0.188246
441 0.188244
442 0.188243
443 0.188241
444 0.188239
445 0.188238
446 0.188236
447 0.188235
448 0.188233
449 0.188231
450 0.18823
451 0.188228
452 0.188227
453 0.188225
454 0.188224
455 0.188222
456 0.18822
457 0.188219
458 0.188217
459 0.188216
460 0.188214
461 0.188213
462 0.188211
463 0.18821
464 0.188208
465 0.188207
466 0.188205
467 0.188204
468 0.188203
469 0.188201
470 0.1882
471 0.188198
472 0.188197
473 0.188195
474 0.188194
475 0.188192
476 0.188191
477 0.18819
478 0.188188
479 0.188187
480 0.188185
481 0.188184
482 0.188183
483 0.188181
484 0.18818
485 0.188179
486 0.188177
487 0.188176
488 0.188175
489 0.188173
490 0.188172
491 0.188171
492 0.188169
493 0.188168
494 0.188167
495 0.188165
496 0.188164
497 0.188163
498 0.188162
499 0.18816
500 0.188159
501 0.188158
502 0.188156
503 0.188155
504 0.188154
505 0.188153
506 0.188151
507 0.18815
508 0.188149
509 0.188148
510 0.188146
511 0.188145
512 0.188144
513 0.188143
514 0.188142
515 0.18814
516 0.188139
517 0.188138
518 0.188137
519 0.188136
520 0.188134
521 0.188133
522 0.188132
523 0.188131
524 0.18813
525 0.188129
526 0.188127
527 0.188126
528 0.188125
529 0.188124
530 0.188123
531 0.188122
532 0.188121
533 0.18812
534 0.188118
535 0.188117
536 0.188116
537 0.188115
538 0.188114
539 0.188113
540 0.188112
541 0.188111
542 0.18811
543 0.188109
544 0.188107
545 0.188106
546 0.188105
547 0.188104
548 0.188103
549 0.188102
550 0.188101
551 0.1881
552 0.188099
553 0.188098
554 0.188097
555 0.188096
556 0.188095
557 0.188094
558 0.188093
559 0.188092
560 0.188091
561 0.18809
562 0.188089
563 0.188088
564 0.188087
565 0.188086
566 0.188085
567 0.188084
568 0.188083
569 0.188082
570 0.188081
571 0.18808
572 0.188079
573 0.188078
574 0.188077
575 0.188076
576 0.188075
577 0.188074
578 0.188073
579 0.188072
580 0.188071
581 0.18807
582 0.188069
583 0.188068
584 0.188067
585 0.188067
586 0.188066
587 0.188065
588 0.188064
589 0.188063
590 0.188062
591 0.188061
592 0.18806
593 0.188059
594 0.188058
595 0.188057
596 0.188057
597 0.188056
598 0.188055
599 0.188054
600 0.188053
601 0.188052
602 0.188051
603 0.18805
604 0.188049
605 0.188049
606 0.188048
607 0.188047
608 0.188046
609 0.188045
610 0.188044
611 0.188043
612 0.188043
613 0.188042
614 0.188041
615 0.18804
616 0.188039
617 0.188038
618 0.188038
619 0.188037
620 0.188036
621 0.188035
622 0.188034
623 0.188033
624 0.188033
625 0.188032
626 0.188031
627 0.18803
628 0.188029
629 0.188029
630 0.188028
631 0.188027
632 0.188026
633 0.188025
634 0.188025
635 0.188024
636 0.188023
637 0.188022
638 0.188021
639 0.188021
640 0.18802
641 0.188019
642 0.188018
643 0.188018
644 0.188017
645 0.188016
646 0.188015
647 0.188015
648 0.188014
649 0.188013
650 0.188012
651 0.188012
652 0.188011
653 0.18801
654 0.188009
655 0.188009
656 0.188008
657 0.188007
658 0.188006
659 0.188006
660 0.188005
661 0.188004
662 0.188003
663 0.188003
664 0.188002
665 0.188001
666 0.188001
667 0.188
668 0.187999
669 0.187998
670 0.187998
671 0.187997
672 0.187996
673 0.187996
674 0.187995
675 0.187994
676 0.187994
677 0.187993
678 0.187992
679 0.187992
680 0.187991
681 0.18799
682 0.187989
683 0.187989
684 0.187988
685 0.187987
686 0.187987
687 0.187986
688 0.187985
689 0.187985
690 0.187984
691 0.187983
692 0.187983
693 0.187982
694 0.187981
695 0.187981
696 0.18798
697 0.187979
698 0.187979
699 0.187978
700 0.187978
701 0.187977
702 0.187976
703 0.187976
704 0.187975
705 0.187974
706 0.187974
707 0.187973
708 0.187972
709 0.187972
710 0.187971
711 0.187971
712 0.18797
713 0.187969
714 0.187969
715 0.187968
716 0.187967
717 0.187967
718 0.187966
719 0.187966
720 0.187965
721 0.187964
722 0.187964
723 0.187963
724 0.187963
725 0.187962
726 0.187961
727 0.187961
728 0.18796
729 0.18796
730 0.187959
731 0.187958
732 0.187958
733 0.187957
734 0.187957
735 0.187956
736 0.187955
737 0.187955
738 0.187954
739 0.187954
740 0.187953
741 0.187952
742 0.187952
743 0.187951
744 0.187951
745 0.18795
746 0.18795
747 0.187949
748 0.187948
749 0.187948
750 0.187947
751 0.187947
752 0.187946
753 0.187946
754 0.187945
755 0.187945
756 0.187944
757 0.187943
758 0.187943
759 0.187942
760 0.187942
761 0.187941
762 0.187941
763 0.18794
764 0.18794
765 0.187939
766 0.187939
767 0.187938
768 0.187937
769 0.187937
770 0.187936
771 0.187936
772 0.187935
773 0.187935
774 0.187934
775 0.187934
776 0.187933
777 0.187933
778 0.187932
779 0.187932
780 0.187931
781 0.187931
782 0.18793
783 0.18793
784 0.187929
785 0.187929
786 0.187928
787 0.187928
788 0.187927
789 0.187927
790 0.187926
791 0.187925
792 0.187925
793 0.187924
794 0.187924
795 0.187923
796 0.187923
797 0.187922
798 0.187922
799 0.187921
800 0.187921
801 0.187921
802 0.18792
803 0.18792
804 0.187919
805 0.187919
806 0.187918
807 0.187918
808 0.187917
809 0.187917
810 0.187916
811 0.187916
812 0.187915
813 0.187915
814 0.187914
815 0.187914
816 0.187913
817 0.187913
818 0.187912
819 0.187912
820 0.187911
821 0.187911
822 0.18791
823 0.18791
824 0.187909
825 0.187909
826 0.187909
827 0.187908
828 0.187908
829 0.187907
830 0.187907
831 0.187906
832 0.187906
833 0.187905
834 0.187905
835 0.187904
836 0.187904
837 0.187904
838 0.187903
839 0.187903
840 0.187902
841 0.187902
842 0.187901
843 0.187901
844 0.1879
845 0.1879
846 0.1879
847 0.187899
848 0.187899
849 0.187898
850 0.187898
851 0.187897
852 0.187897
853 0.187896
854 0.187896
855 0.187896
856 0.187895
857 0.187895
858 0.187894
859 0.187894
860 0.187893
861 0.187893
862 0.187893
863 0.187892
864 0.187892
865 0.187891
866 0.187891
867 0.18789
868 0.18789
869 0.18789
870 0.187889
871 0.187889
872 0.187888
873 0.187888
874 0.187888
875 0.187887
876 0.187887
877 0.187886
878 0.187886
879 0.187886
880 0.187885
881 0.187885
882 0.187884
883 0.187884
884 0.187883
885 0.187883
886 0.187883
887 0.187882
888 0.187882
889 0.187881
890 0.187881
891 0.187881
892 0.18788
893 0.18788
894 0.187879
895 0.187879
896 0.187879
897 0.187878
898 0.187878
899 0.187878
900 0.187877
901 0.187877
902 0.187876
903 0.187876
904 0.187876
905 0.187875
906 0.187875
907 0.187874
908 0.187874
909 0.187874
910 0.187873
911 0.187873
912 0.187873
913 0.187872
914 0.187872
915 0.187871
916 0.187871
917 0.187871
918 0.18787
919 0.18787
920 0.187869
921 0.187869
922 0.187869
923 0.187868
924 0.187868
925 0.187868
926 0.187867
927 0.187867
928 0.187867
929 0.187866
930 0.187866
931 0.187865
932 0.187865
933 0.187865
934 0.187864
935 0.187864
936 0.187864
937 0.187863
938 0.187863
939 0.187863
940 0.187862
941 0.187862
942 0.187861
943 0.187861
944 0.187861
945 0.18786
946 0.18786
947 0.18786
948 0.187859
949 0.187859
950 0.187859
951 0.187858
952 0.187858
953 0.187858
954 0.187857
955 0.187857
956 0.187857
957 0.187856
958 0.187856
959 0.187856
960 0.187855
961 0.187855
962 0.187855
963 0.187854
964 0.187854
965 0.187854
966 0.187853
967 0.187853
968 0.187852
969 0.187852
970 0.187852
971 0.187851
972 0.187851
973 0.187851
974 0.18785
975 0.18785
976 0.18785
977 0.187849
978 0.187849
979 0.187849
980 0.187848
981 0.187848
982 0.187848
983 0.187848
984 0.187847
985 0.187847
986 0.187847
987 0.187846
988 0.187846
989 0.187846
990 0.187845
991 0.187845
992 0.187845
993 0.187844
994 0.187844
995 0.187844
996 0.187843
997 0.187843
998 0.187843
999 0.187842
1000 0.187842
1001 0.187842
1002 0.187841
1003 0.187841
1004 0.187841
1005 0.18784
1006 0.18784
1007 0.18784
1008 0.18784
1009 0.187839
1010 0.187839
1011 0.187839
1012 0.187838
1013 0.187838
1014 0.187838
1015 0.187837
1016 0.187837
1017 0.187837
1018 0.187836
1019 0.187836
1020 0.187836
1021 0.187836
1022 0.187835
1023 0.187835
1024 0.187835
1025 0.187834
1026 0.187834
1027 0.187834
1028 0.187833
1029 0.187833
1030 0.187833
1031 0.187833
1032 0.187832
1033 0.187832
1034 0.187832
1035 0.187831
1036 0.187831
1037 0.187831
1038 0.187831
1039 0.18783
1040 0.18783
1041 0.18783
1042 0.187829
1043 0.187829
1044 0.187829
1045 0.187828
1046 0.187828
1047 0.187828
1048 0.187828
1049 0.187827
1050 0.187827
1051 0.187827
1052 0.187826
1053 0.187826
1054 0.187826
1055 0.187826
1056 0.187825
1057 0.187825
1058 0.187825
1059 0.187824
1060 0.187824
1061 0.187824
1062 0.187824
1063 0.187823
1064 0.187823
1065 0.187823
1066 0.187823
1067 0.187822
1068 0.187822
1069 0.187822
1070 0.187821
1071 0.187821
1072 0.187821
1073 0.187821
1074 0.18782
1075 0.18782
1076 0.18782
1077 0.18782
1078 0.187819
1079 0.187819
1080 0.187819
1081 0.187818
1082 0.187818
1083 0.187818
1084 0.187818
1085 0.187817
1086 0.187817
1087 0.187817
1088 0.187817
1089 0.187816
1090 0.187816
1091 0.187816
1092 0.187816
1093 0.187815
1094 0.187815
1095 0.187815
1096 0.187814
1097 0.187814
1098 0.187814
1099 0.187814
1100 0.187813
1101 0.187813
1102 0.187813
1103 0.187813
1104 0.187812
1105 0.187812
1106 0.187812
1107 0.187812
1108 0.187811
1109 0.187811
1110 0.187811
1111 0.187811
1112 0.18781
1113 0.18781
1114 0.18781
1115 0.18781
1116 0.187809
1117 0.187809
1118 0.187809
1119 0.187809
1120 0.187808
1121 0.187808
1122 0.187808
1123 0.187808
1124 0.187807
1125 0.187807
1126 0.187807
1127 0.187807
1128 0.187806
1129 0.187806
1130 0.187806
1131 0.187806
1132 0.187805
1133 0.187805
1134 0.187805
1135 0.187805
1136 0.187804
1137 0.187804
1138 0.187804
1139 0.187804
1140 0.187803
1141 0.187803
1142 0.187803
1143 0.187803
1144 0.187802
1145 0.187802
1146 0.187802
1147 0.187802
1148 0.187801
1149 0.187801
1150 0.187801
1151 0.187801
1152 0.1878
1153 0.1878
1154 0.1878
1155 0.1878
1156 0.1878
1157 0.187799
1158 0.187799
1159 0.187799
1160 0.187799
1161 0.187798
1162 0.187798
1163 0.187798
1164 0.187798
1165 0.187797
1166 0.187797
1167 0.187797
1168 0.187797
1169 0.187797
1170 0.187796
1171 0.187796
1172 0.187796
1173 0.187796
1174 0.187795
1175 0.187795
1176 0.187795
1177 0.187795
1178 0.187794
1179 0.187794
1180 0.187794
1181 0.187794
1182 0.187794
1183 0.187793
1184 0.187793
1185 0.187793
1186 0.187793
1187 0.187792
1188 0.187792
1189 0.187792
1190 0.187792
1191 0.187792
1192 0.187791
1193 0.187791
1194 0.187791
1195 0.187791
1196 0.18779
1197 0.18779
1198 0.18779
1199 0.18779
1200 0.18779
1201 0.187789
1202 0.187789
1203 0.187789
1204 0.187789
1205 0.187788
1206 0.187788
1207 0.187788
1208 0.187788
1209 0.187788
1210 0.187787
1211 0.187787
1212 0.187787
1213 0.187787
1214 0.187787
1215 0.187786
1216 0.187786
1217 0.187786
1218 0.187786
1219 0.187785
1220 0.187785
1221 0.187785
1222 0.187785
1223 0.187785
1224 0.187784
1225 0.187784
1226 0.187784
1227 0.187784
1228 0.187784
1229 0.187783
1230 0.187783
1231 0.187783
1232 0.187783
1233 0.187783
1234 0.187782
1235 0.187782
1236 0.187782
1237 0.187782
1238 0.187782
1239 0.187781
1240 0.187781
1241 0.187781
1242 0.187781
1243 0.18778
1244 0.18778
1245 0.18778
1246 0.18778
1247 0.18778
1248 0.187779
1249 0.187779
1250 0.187779
1251 0.187779
1252 0.187779
1253 0.187778
1254 0.187778
1255 0.187778
1256 0.187778
1257 0.187778
1258 0.187777
1259 0.187777
1260 0.187777
1261 0.187777
1262 0.187777
1263 0.187776
1264 0.187776
1265 0.187776
1266 0.187776
1267 0.187776
1268 0.187775
1269 0.187775
1270 0.187775
1271 0.187775
1272 0.187775
1273 0.187775
1274 0.187774
1275 0.187774
1276 0.187774
1277 0.187774
1278 0.187774
1279 0.187773
1280 0.187773
1281 0.187773
1282 0.187773
1283 0.187773
1284 0.187772
1285 0.187772
1286 0.187772
1287 0.187772
1288 0.187772
1289 0.187771
1290 0.187771
1291 0.187771
1292 0.187771
1293 0.187771
1294 0.187771
1295 0.18777
1296 0.18777
1297 0.18777
1298 0.18777
1299 0.18777
1300 0.187769
1301 0.187769
1302 0.187769
1303 0.187769
1304 0.187769
1305 0.187768
1306 0.187768
1307 0.187768
1308 0.187768
1309 0.187768
1310 0.187768
1311 0.187767
1312 0.187767
1313 0.187767
1314 0.187767
1315 0.187767
1316 0.187766
1317 0.187766
1318 0.187766
1319 0.187766
1320 0.187766
1321 0.187766
1322 0.187765
1323 0.187765
1324 0.187765
1325 0.187765
1326 0.187765
1327 0.187764
1328 0.187764
1329 0.187764
1330 0.187764
1331 0.187764
1332 0.187764
1333 0.187763
1334 0.187763
1335 0.187763
1336 0.187763
1337 0.187763
1338 0.187763
1339 0.187762
1340 0.187762
1341 0.187762
1342 0.187762
1343 0.187762
1344 0.187761
1345 0.187761
1346 0.187761
1347 0.187761
1348 0.187761
1349 0.187761
1350 0.18776
1351 0.18776
1352 0.18776
1353 0.18776
1354 0.18776
1355 0.18776
1356 0.187759
1357 0.187759
1358 0.187759
1359 0.187759
1360 0.187759
1361 0.187759
1362 0.187758
1363 0.187758
1364 0.187758
1365 0.187758
1366 0.187758
1367 0.187758
1368 0.187757
1369 0.187757
1370 0.187757
1371 0.187757
1372 0.187757
1373 0.187757
1374 0.187756
1375 0.187756
1376 0.187756
1377 0.187756
1378 0.187756
1379 0.187756
1380 0.187755
1381 0.187755
1382 0.187755
1383 0.187755
1384 0.187755
1385 0.187755
1386 0.187754
1387 0.187754
1388 0.187754
1389 0.187754
1390 0.187754
1391 0.187754
1392 0.187753
1393 0.187753
1394 0.187753
1395 0.187753
1396 0.187753
1397 0.187753
1398 0.187752
1399 0.187752
1400 0.187752
1401 0.187752
1402 0.187752
1403 0.187752
1404 0.187751
1405 0.187751
1406 0.187751
1407 0.187751
1408 0.187751
1409 0.187751
1410 0.187751
1411 0.18775
1412 0.18775
1413 0.18775
1414 0.18775
1415 0.18775
1416 0.18775
1417 0.187749
1418 0.187749
1419 0.187749
1420 0.187749
1421 0.187749
1422 0.187749
1423 0.187748
1424 0.187748
1425 0.187748
1426 0.187748
1427 0.187748
1428 0.187748
1429 0.187748
1430 0.187747
1431 0.187747
1432 0.187747
1433 0.187747
1434 0.187747
1435 0.187747
1436 0.187746
1437 0.187746
1438 0.187746
1439 0.187746
1440 0.187746
1441 0.187746
1442 0.187746
1443 0.187745
1444 0.187745
1445 0.187745
1446 0.187745
1447 0.187745
1448 0.187745
1449 0.187745
1450 0.187744
1451 0.187744
1452 0.187744
1453 0.187744
1454 0.187744
1455 0.187744
1456 0.187743
1457 0.187743
1458 0.187743
1459 0.187743
1460 0.187743
1461 0.187743
1462 0.187743
1463 0.187742
1464 0.187742
1465 0.187742
1466 0.187742
1467 0.187742
1468 0.187742
1469 0.187742
1470 0.187741
1471 0.187741
1472 0.187741
1473 0.187741
1474 0.187741
1475 0.187741
1476 0.187741
1477 0.18774
1478 0.18774
1479 0.18774
1480 0.18774
1481 0.18774
1482 0.18774
1483 0.18774
1484 0.187739
1485 0.187739
1486 0.187739
1487 0.187739
1488 0.187739
1489 0.187739
1490 0.187739
1491 0.187738
1492 0.187738
1493 0.187738
1494 0.187738
1495 0.187738
1496 0.187738
1497 0.187738
1498 0.187737
1499 0.187737
1500 0.187737
