0 0.499279
1 0.499266
2 0.499252
3 0.499238
4 0.499223
5 0.499208
6 0.499193
7 0.499176
8 0.499159
9 0.499141
10 0.499123
11 0.499103
12 0.499083
13 0.499062
14 0.499039
15 0.499016
16 0.498992
17 0.498966
18 0.498939
19 0.49891
20 0.49888
21 0.498848
22 0.498815
23 0.498779
24 0.498741
25 0.498701
26 0.498658
27 0.498613
28 0.498564
29 0.498511
30 0.498455
31 0.498394
32 0.498328
33 0.498256
34 0.498178
35 0.498093
36 0.498
37 0.497897
38 0.497784
39 0.497657
40 0.497515
41 0.497355
42 0.497173
43 0.496965
44 0.496725
45 0.496443
46 0.49611
47 0.495709
48 0.495219
49 0.494605
50 0.493816
51 0.492768
52 0.491312
53 0.489168
54 0.485735
55 0.479517
56 0.465836
57 0.425647
58 0.329766
59 0.287428
60 0.268517
61 0.27902
62 0.276217
63 0.24894
64 0.216523
65 0.191319
66 0.180997
67 0.183118
68 0.188385
69 0.193194
70 0.196274
71 0.197439
72 0.197389
73 0.196901
74 0.196361
75 0.195875
76 0.195454
77 0.195089
78 0.194771
79 0.194491
80 0.19424
81 0.194014
82 0.193808
83 0.193619
84 0.193446
85 0.193284
86 0.193134
87 0.192994
88 0.192862
89 0.192737
90 0.19262
91 0.192508
92 0.192403
93 0.192302
94 0.192206
95 0.192114
96 0.192026
97 0.191942
98 0.191861
99 0.191783
100 0.191709
101 0.191637
102 0.191567
103 0.1915
104 0.191436
105 0.191373
106 0.191313
107 0.191254
108 0.191198
109 0.191143
110 0.19109
111 0.191038
112 0.190988
113 0.190939
114 0.190892
115 0.190846
116 0.190801
117 0.190757
118 0.190715
119 0.190673
120 0.190633
121 0.190594
122 0.190555
123 0.190518
124 0.190482
125 0.190446
126 0.190411
127 0.190377
128 0.190344
129 0.190312
130 0.19028
131 0.190249
132 0.190219
133 0.190189
134 0.19016
135 0.190132
136 0.190104
137 0.190076
138 0.19005
139 0.190024
140 0.189998
141 0.189973
142 0.189948
143 0.189924
144 0.1899
145 0.189877
146 0.189854
147 0.189832
148 0.18981
149 0.189789
150 0.189767
151 0.189747
152 0.189726
153 0.189706
154 0.189687
155 0.189667
156 0.189648
157 0.189629
158 0.189611
159 0.189593
160 0.189575
161 0.189558
162 0.189541
163 0.189524
164 0.189507
165 0.189491
166 0.189475
167 0.189459
168 0.189443
169 0.189428
170 0.189413
171 0.189398
172 0.189383
173 0.189369
174 0.189354
175 0.18934
176 0.189327
177 0.189313
178 0.1893
179 0.189286
180 0.189273
181 0.18926
182 0.189248
183 0.189235
184 0.189223
185 0.189211
186 0.189199
187 0.189187
188 0.189175
189 0.189164
190 0.189153
191 0.189141
192 0.18913
193 0.189119
194 0.189109
195 0.189098
196 0.189088
197 0.189077
198 0.189067
199 0.189057
200 0.189047
201 0.189037
202 0.189027
203 0.189018
204 0.189008
205 0.188999
206 0.18899
207 0.188981
208 0.188972
209 0.188963
210 0.188954
211 0.188945
212 0.188936
213 0.188928
214 0.18892
215 0.188911
216 0.188903
217 0.188895
218 0.188887
219 0.188879
220 0.188871
221 0.188863
222 0.188856
223 0.188848
224 0.188841
225 0.188833
226 0.188826
227 0.188819
228 0.188811
229 0.188804
230 0.188797
231 0.18879
232 0.188783
233 0.188777
234 0.18877
235 0.188763
236 0.188757
237 0.18875
238 0.188744
239 0.188737
240 0.188731
241 0.188725
242 0.188718
243 0.188712
244 0.188706
245 0.1887
246 0.188694
247 0.188688
248 0.188682
249 0.188677
250 0.188671
251 0.188665
252 0.188659
253 0.188654
254 0.188648
255 0.188643
256 0.188637
257 0.188632
258 0.188627
259 0.188622
260 0.188616
261 0.188611
262 0.188606
263 0.188601
264 0.188596
265 0.188591
266 0.188586
267 0.188581
268 0.188576
269 0.188571
270 0.188567
271 0.188562
272 0.188557
273 0.188553
274 0.188548
275 0.188543
276 0.188539
277 0.188534
278 0.18853
279 0.188526
280 0.188521
281 0.188517
282 0.188513
283 0.188508
284 0.188504
285 0.1885
286 0.188496
287 0.188492
288 0.188487
289 0.188483
290 0.188479
291 0.188475
292 0.188471
293 0.188468
294 0.188464
295 0.18846
296 0.188456
297 0.188452
298 0.188448
299 0.188445
300 0.188441
301 0.188437
302 0.188434
303 0.18843
304 0.188426
305 0.188423
306 0.188419
307 0.188416
308 0.188412
309 0.188409
310 0.188405
311 0.188402
312 0.188399
313 0.188395
314 0.188392
315 0.188389
316 0.188385
317 0.188382
318 0.188379
319 0.188376
320 0.188372
321 0.188369
322 0.188366
323 0.188363
324 0.18836
325 0.188357
326 0.188354
327 0.188351
328 0.188348
329 0.188345
330 0.188342
331 0.188339
332 0.188336
333 0.188333
334 0.18833
335 0.188327
336 0.188324
337 0.188322
338 0.188319
339 0.188316
340 0.188313
341 0.18831
342 0.188308
343 0.188305
344 0.188302
345 0.1883
346 0.188297
347 0.188294
348 0.188292
349 0.188289
350 0.188286
351 0.188284
352 0.188281
353 0.188279
354 0.188276
355 0.188274
356 0.188271
357 0.188269
358 0.188266
359 0.188264
360 0.188261
361 0.188259
362 0.188257
363 0.188254
364 0.188252
365 0.18825
366 0.188247
367 0.188245
368 0.188243
369 0.18824
370 0.188238
371 0.188236
372 0.188234
373 0.188231
374 0.188229
375 0.188227
376 0.188225
377 0.188223
378 0.18822
379 0.188218
380 0.188216
381 0.188214
382 0.188212
383 0.18821
384 0.188208
385 0.188206
386 0.188203
387 0.188201
388 0.188199
389 0.188197
390 0.188195
391 0.188193
392 0.188191
393 0.188189
394 0.188187
395 0.188185
396 0.188183
397 0.188182
398 0.18818
399 0.188178
400 0.188176
401 0.188174
402 0.188172
403 0.18817
404 0.188168
405 0.188166
406 0.188165
407 0.188163
408 0.188161
409 0.188159
410 0.188157
411 0.188156
412 0.188154
413 0.188152
414 0.18815
415 0.188149
416 0.188147
417 0.188145
418 0.188143
419 0.188142
420 0.18814
421 0.188138
422 0.188137
423 0.188135
424 0.188133
425 0.188132
426 0.18813
427 0.188128
428 0.188127
429 0.188125
430 0.188123
431 0.188122
432 0.18812
433 0.188119
434 0.188117
435 0.188115
436 0.188114
437 0.188112
438 0.188111
439 0.188109
440 0.188108
441 0.188106
442 0.188105
443 0.188103
444 0.188102
445 0.1881
446 0.188099
447 0.188097
448 0.188096
449 0.188094
450 0.188093
451 0.188091
452 0.18809
453 0.188088
454 0.188087
455 0.188086
456 0.188084
457 0.188083
458 0.188081
459 0.18808
460 0.188079
461 0.188077
462 0.188076
463 0.188075
464 0.188073
465 0.188072
466 0.18807
467 0.188069
468 0.188068
469 0.188066
470 0.188065
471 0.188064
472 0.188063
473 0.188061
474 0.18806
475 0.188059
476 0.188057
477 0.188056
478 0.188055
479 0.188054
480 0.188052
481 0.188051
482 0.18805
483 0.188049
484 0.188047
485 0.188046
486 0.188045
487 0.188044
488 0.188042
489 0.188041
490 0.18804
491 0.188039
492 0.188038
493 0.188036
494 0.188035
495 0.188034
496 0.188033
497 0.188032
498 0.188031
499 0.188029
500 0.188028
501 0.188027
502 0.188026
503 0.188025
504 0.188024
505 0.188023
506 0.188021
507 0.18802
508 0.188019
509 0.188018
510 0.188017
511 0.188016
512 0.188015
513 0.188014
514 0.188013
515 0.188012
516 0.188011
517 0.18801
518 0.188008
519 0.188007
520 0.188006
521 0.188005
522 0.188004
523 0.188003
524 0.188002
525 0.188001
526 0.188
527 0.187999
528 0.187998
529 0.187997
530 0.187996
531 0.187995
532 0.187994
533 0.187993
534 0.187992
535 0.187991
536 0.18799
537 0.187989
538 0.187988
539 0.187987
540 0.187986
541 0.187985
542 0.187984
543 0.187983
544 0.187982
545 0.187981
546 0.187981
547 0.18798
548 0.187979
549 0.187978
550 0.187977
551 0.187976
552 0.187975
553 0.187974
554 0.187973
555 0.187972
556 0.187971
557 0.18797
558 0.187969
559 0.187969
560 0.187968
561 0.187967
562 0.187966
563 0.187965
564 0.187964
565 0.187963
566 0.187962
567 0.187962
568 0.187961
569 0.18796
570 0.187959
571 0.187958
572 0.187957
573 0.187956
574 0.187956
575 0.187955
576 0.187954
577 0.187953
578 0.187952
579 0.187951
580 0.187951
581 0.18795
582 0.187949
583 0.187948
584 0.187947
585 0.187946
586 0.187946
587 0.187945
588 0.187944
589 0.187943
590 0.187942
591 0.187942
592 0.187941
593 0.18794
594 0.187939
595 0.187939
596 0.187938
597 0.187937
598 0.187936
599 0.187935
600 0.187935
601 0.187934
602 0.187933
603 0.187932
604 0.187932
605 0.187931
606 0.18793
607 0.187929
608 0.187929
609 0.187928
610 0.187927
611 0.187926
612 0.187926
613 0.187925
614 0.187924
615 0.187924
616 0.187923
617 0.187922
618 0.187921
619 0.187921
620 0.18792
621 0.187919
622 0.187919
623 0.187918
624 0.187917
625 0.187916
626 0.187916
627 0.187915
628 0.187914
629 0.187914
630 0.187913
631 0.187912
632 0.187912
633 0.187911
634 0.18791
635 0.18791
636 0.187909
637 0.187908
638 0.187908
639 0.187907
640 0.187906
641 0.187906
642 0.187905
643 0.187904
644 0.187904
645 0.187903
646 0.187902
647 0.187902
648 0.187901
649 0.1879
650 0.1879
651 0.187899
652 0.187898
653 0.187898
654 0.187897
655 0.187897
656 0.187896
657 0.187895
658 0.187895
659 0.187894
660 0.187893
661 0.187893
662 0.187892
663 0.187892
664 0.187891
665 0.18789
666 0.18789
667 0.187889
668 0.187889
669 0.187888
670 0.187887
671 0.187887
672 0.187886
673 0.187886
674 0.187885
675 0.187884
676 0.187884
677 0.187883
678 0.187883
679 0.187882
680 0.187881
681 0.187881
682 0.18788
683 0.18788
684 0.187879
685 0.187879
686 0.187878
687 0.187877
688 0.187877
689 0.187876
690 0.187876
691 0.187875
692 0.187875
693 0.187874
694 0.187874
695 0.187873
696 0.187872
697 0.187872
698 0.187871
699 0.187871
700 0.18787
701 0.18787
702 0.187869
703 0.187869
704 0.187868
705 0.187868
706 0.187867
707 0.187866
708 0.187866
709 0.187865
710 0.187865
711 0.187864
712 0.187864
713 0.187863
714 0.187863
715 0.187862
716 0.187862
717 0.187861
718 0.187861
719 0.18786
720 0.18786
721 0.187859
722 0.187859
723 0.187858
724 0.187858
725 0.187857
726 0.187857
727 0.187856
728 0.187856
729 0.187855
730 0.187855
731 0.187854
732 0.187854
733 0.187853
734 0.187853
735 0.187852
736 0.187852
737 0.187851
738 0.187851
739 0.18785
740 0.18785
741 0.187849
742 0.187849
743 0.187848
744 0.187848
745 0.187847
746 0.187847
747 0.187846
748 0.187846
749 0.187845
750 0.187845
751 0.187845
752 0.187844
753 0.187844
754 0.187843
755 0.187843
756 0.187842
757 0.187842
758 0.187841
759 0.187841
760 0.18784
761 0.18784
762 0.187839
763 0.187839
764 0.187839
765 0.187838
766 0.187838
767 0.187837
768 0.187837
769 0.187836
770 0.187836
771 0.187835
772 0.187835
773 0.187835
774 0.187834
775 0.187834
776 0.187833
777 0.187833
778 0.187832
779 0.187832
780 0.187832
781 0.187831
782 0.187831
783 0.18783
784 0.18783
785 0.187829
786 0.187829
787 0.187829
788 0.187828
789 0.187828
790 0.187827
791 0.187827
792 0.187826
793 0.187826
794 0.187826
795 0.187825
796 0.187825
797 0.187824
798 0.187824
799 0.187824
800 0.187823
801 0.187823
802 0.187822
803 0.187822
804 0.187822
805 0.187821
806 0.187821
807 0.18782
808 0.18782
809 0.18782
810 0.187819
811 0.187819
812 0.187818
813 0.187818
814 0.187818
815 0.187817
816 0.187817
817 0.187816
818 0.187816
819 0.187816
820 0.187815
821 0.187815
822 0.187814
823 0.187814
824 0.187814
825 0.187813
826 0.187813
827 0.187813
828 0.187812
829 0.187812
830 0.187811
831 0.187811
832 0.187811
833 0.18781
834 0.18781
835 0.18781
836 0.187809
837 0.187809
838 0.187808
839 0.187808
840 0.187808
841 0.187807
842 0.187807
843 0.187807
844 0.187806
845 0.187806
846 0.187806
847 0.187805
848 0.187805
849 0.187804
850 0.187804
851 0.187804
852 0.187803
853 0.187803
854 0.187803
855 0.187802
856 0.187802
857 0.187802
858 0.187801
859 0.187801
860 0.187801
861 0.1878
862 0.1878
863 0.1878
864 0.187799
865 0.187799
866 0.187799
867 0.187798
868 0.187798
869 0.187797
870 0.187797
871 0.187797
872 0.187796
873 0.187796
874 0.187796
875 0.187795
876 0.187795
877 0.187795
878 0.187794
879 0.187794
880 0.187794
881 0.187793
882 0.187793
883 0.187793
884 0.187792
885 0.187792
886 0.187792
887 0.187791
888 0.187791
889 0.187791
890 0.187791
891 0.18779
892 0.18779
893 0.18779
894 0.187789
895 0.187789
896 0.187789
897 0.187788
898 0.187788
899 0.187788
900 0.187787
901 0.187787
902 0.187787
903 0.187786
904 0.187786
905 0.187786
906 0.187785
907 0.187785
908 0.187785
909 0.187785
910 0.187784
911 0.187784
912 0.187784
913 0.187783
914 0.187783
915 0.187783
916 0.187782
917 0.187782
918 0.187782
919 0.187781
920 0.187781
921 0.187781
922 0.187781
923 0.18778
924 0.18778
925 0.18778
926 0.187779
927 0.187779
928 0.187779
929 0.187778
930 0.187778
931 0.187778
932 0.187778
933 0.187777
934 0.187777
935 0.187777
936 0.187776
937 0.187776
938 0.187776
939 0.187776
940 0.187775
941 0.187775
942 0.187775
943 0.187774
944 0.187774
945 0.187774
946 0.187774
947 0.187773
948 0.187773
949 0.187773
950 0.187772
951 0.187772
952 0.187772
953 0.187772
954 0.187771
955 0.187771
956 0.187771
957 0.18777
958 0.18777
959 0.18777
960 0.18777
961 0.187769
962 0.187769
963 0.187769
964 0.187769
965 0.187768
966 0.187768
967 0.187768
968 0.187767
969 0.187767
970 0.187767
971 0.187767
972 0.187766
973 0.187766
974 0.187766
975 0.187766
976 0.187765
977 0.187765
978 0.187765
979 0.187765
980 0.187764
981 0.187764
982 0.187764
983 0.187764
984 0.187763
985 0.187763
986 0.187763
987 0.187762
988 0.187762
989 0.187762
990 0.187762
991 0.187761
992 0.187761
993 0.187761
994 0.187761
995 0.18776
996 0.18776
997 0.18776
998 0.18776
999 0.187759
1000 0.187759
1001 0.187759
1002 0.187759
1003 0.187758
1004 0.187758
1005 0.187758
1006 0.187758
1007 0.187757
1008 0.187757
1009 0.187757
1010 0.187757
1011 0.187756
1012 0.187756
1013 0.187756
1014 0.187756
1015 0.187755
1016 0.187755
1017 0.187755
1018 0.187755
1019 0.187754
1020 0.187754
1021 0.187754
1022 0.187754
1023 0.187754
1024 0.187753
1025 0.187753
1026 0.187753
1027 0.187753
1028 0.187752
1029 0.187752
1030 0.187752
1031 0.187752
1032 0.187751
1033 0.187751
1034 0.187751
1035 0.187751
1036 0.18775
1037 0.18775
1038 0.18775
1039 0.18775
1040 0.18775
1041 0.187749
1042 0.187749
1043 0.187749
1044 0.187749
1045 0.187748
1046 0.187748
1047 0.187748
1048 0.187748
1049 0.187747
1050 0.187747
1051 0.187747
1052 0.187747
1053 0.187747
1054 0.187746
1055 0.187746
1056 0.187746
1057 0.187746
1058 0.187745
1059 0.187745
1060 0.187745
1061 0.187745
1062 0.187745
1063 0.187744
1064 0.187744
1065 0.187744
1066 0.187744
1067 0.187743
1068 0.187743
1069 0.187743
1070 0.187743
1071 0.187743
1072 0.187742
1073 0.187742
1074 0.187742
1075 0.187742
1076 0.187741
1077 0.187741
1078 0.187741
1079 0.187741
1080 0.187741
1081 0.18774
1082 0.18774
1083 0.18774
1084 0.18774
1085 0.18774
1086 0.187739
1087 0.187739
1088 0.187739
1089 0.187739
1090 0.187739
1091 0.187738
1092 0.187738
1093 0.187738
1094 0.187738
1095 0.187737
1096 0.187737
1097 0.187737
1098 0.187737
1099 0.187737
1100 0.187736
1101 0.187736
1102 0.187736
1103 0.187736
1104 0.187736
1105 0.187735
1106 0.187735
1107 0.187735
1108 0.187735
1109 0.187735
1110 0.187734
1111 0.187734
1112 0.187734
1113 0.187734
1114 0.187734
1115 0.187733
1116 0.187733
1117 0.187733
1118 0.187733
1119 0.187733
1120 0.187732
1121 0.187732
1122 0.187732
1123 0.187732
1124 0.187732
1125 0.187731
1126 0.187731
1127 0.187731
1128 0.187731
1129 0.187731
1130 0.18773
1131 0.18773
1132 0.18773
1133 0.18773
1134 0.18773
1135 0.18773
1136 0.187729
1137 0.187729
1138 0.187729
1139 0.187729
1140 0.187729
1141 0.187728
1142 0.187728
1143 0.187728
1144 0.187728
1145 0.187728
1146 0.187727
1147 0.187727
1148 0.187727
1149 0.187727
1150 0.187727
1151 0.187726
1152 0.187726
1153 0.187726
1154 0.187726
1155 0.187726
1156 0.187726
1157 0.187725
1158 0.187725
1159 0.187725
1160 0.187725
1161 0.187725
1162 0.187724
1163 0.187724
1164 0.187724
1165 0.187724
1166 0.187724
1167 0.187724
1168 0.187723
1169 0.187723
1170 0.187723
1171 0.187723
1172 0.187723
1173 0.187722
1174 0.187722
1175 0.187722
1176 0.187722
1177 0.187722
1178 0.187722
1179 0.187721
1180 0.187721
1181 0.187721
1182 0.187721
1183 0.187721
1184 0.187721
1185 0.18772
1186 0.18772
1187 0.18772
1188 0.18772
1189 0.18772
1190 0.187719
1191 0.187719
1192 0.187719
1193 0.187719
1194 0.187719
1195 0.187719
1196 0.187718
1197 0.187718
1198 0.187718
1199 0.187718
1200 0.187718
1201 0.187718
1202 0.187717
1203 0.187717
1204 0.187717
1205 0.187717
1206 0.187717
1207 0.187717
1208 0.187716
1209 0.187716
1210 0.187716
1211 0.187716
1212 0.187716
1213 0.187716
1214 0.187715
1215 0.187715
1216 0.187715
1217 0.187715
1218 0.187715
1219 0.187715
1220 0.187714
1221 0.187714
1222 0.187714
1223 0.187714
1224 0.187714
1225 0.187714
1226 0.187713
1227 0.187713
1228 0.187713
1229 0.187713
1230 0.187713
1231 0.187713
1232 0.187712
1233 0.187712
1234 0.187712
1235 0.187712
1236 0.187712
1237 0.187712
1238 0.187711
1239 0.187711
1240 0.187711
1241 0.187711
1242 0.187711
1243 0.187711
1244 0.187711
1245 0.18771
1246 0.18771
1247 0.18771
1248 0.18771
1249 0.18771
1250 0.18771
1251 0.187709
1252 0.187709
1253 0.187709
1254 0.187709
1255 0.187709
1256 0.187709
1257 0.187708
1258 0.187708
1259 0.187708
1260 0.187708
1261 0.187708
1262 0.187708
1263 0.187708
1264 0.187707
1265 0.187707
1266 0.187707
1267 0.187707
1268 0.187707
1269 0.187707
1270 0.187707
1271 0.187706
1272 0.187706
1273 0.187706
1274 0.187706
1275 0.187706
1276 0.187706
1277 0.187705
1278 0.187705
1279 0.187705
1280 0.187705
1281 0.187705
1282 0.187705
1283 0.187705
1284 0.187704
1285 0.187704
1286 0.187704
1287 0.187704
1288 0.187704
1289 0.187704
1290 0.187704
1291 0.187703
1292 0.187703
1293 0.187703
1294 0.187703
1295 0.187703
1296 0.187703
1297 0.187703
1298 0.187702
1299 0.187702
1300 0.187702
1301 0.187702
1302 0.187702
1303 0.187702
1304 0.187702
1305 0.187701
1306 0.187701
1307 0.187701
1308 0.187701
1309 0.187701
1310 0.187701
1311 0.187701
1312 0.1877
1313 0.1877
1314 0.1877
1315 0.1877
1316 0.1877
1317 0.1877
1318 0.1877
1319 0.187699
1320 0.187699
1321 0.187699
1322 0.187699
1323 0.187699
1324 0.187699
1325 0.187699
1326 0.187698
1327 0.187698
1328 0.187698
1329 0.187698
1330 0.187698
1331 0.187698
1332 0.187698
1333 0.187697
1334 0.187697
1335 0.187697
1336 0.187697
1337 0.187697
1338 0.187697
1339 0.187697
1340 0.187697
1341 0.187696
1342 0.187696
1343 0.187696
1344 0.187696
1345 0.187696
1346 0.187696
1347 0.187696
1348 0.187695
1349 0.187695
1350 0.187695
1351 0.187695
1352 0.187695
1353 0.187695
1354 0.187695
1355 0.187695
1356 0.187694
1357 0.187694
1358 0.187694
1359 0.187694
1360 0.187694
1361 0.187694
1362 0.187694
1363 0.187693
1364 0.187693
1365 0.187693
1366 0.187693
1367 0.187693
1368 0.187693
1369 0.187693
1370 0.187693
1371 0.187692
1372 0.187692
1373 0.187692
1374 0.187692
1375 0.187692
1376 0.187692
1377 0.187692
1378 0.187692
1379 0.187691
1380 0.187691
1381 0.187691
1382 0.187691
1383 0.187691
1384 0.187691
1385 0.187691
1386 0.187691
1387 0.18769
1388 0.18769
1389 0.18769
1390 0.18769
1391 0.18769
1392 0.18769
1393 0.18769
1394 0.18769
1395 0.187689
1396 0.187689
1397 0.187689
1398 0.187689
1399 0.187689
1400 0.187689
1401 0.187689
1402 0.187689
1403 0.187688
1404 0.187688
1405 0.187688
1406 0.187688
1407 0.187688
1408 0.187688
1409 0.187688
1410 0.187688
1411 0.187687
1412 0.187687
1413 0.187687
1414 0.187687
1415 0.187687
1416 0.187687
1417 0.187687
1418 0.187687
1419 0.187686
1420 0.187686
1421 0.187686
1422 0.187686
1423 0.187686
1424 0.187686
1425 0.187686
1426 0.187686
1427 0.187686
1428 0.187685
1429 0.187685
1430 0.187685
1431 0.187685
1432 0.187685
1433 0.187685
1434 0.187685
1435 0.187685
1436 0.187684
1437 0.187684
1438 0.187684
1439 0.187684
1440 0.187684
1441 0.187684
1442 0.187684
1443 0.187684
1444 0.187684
1445 0.187683
1446 0.187683
1447 0.187683
1448 0.187683
1449 0.187683
1450 0.187683
1451 0.187683
1452 0.187683
1453 0.187683
1454 0.187682
1455 0.187682
1456 0.187682
1457 0.187682
1458 0.187682
1459 0.187682
1460 0.187682
1461 0.187682
1462 0.187682
1463 0.187681
1464 0.187681
1465 0.187681
1466 0.187681
1467 0.187681
1468 0.187681
1469 0.187681
1470 0.187681
1471 0.18768
1472 0.18768
1473 0.18768
1474 0.18768
1475 0.18768
1476 0.18768
1477 0.18768
1478 0.18768
1479 0.18768
1480 0.18768
1481 0.187679
1482 0.187679
1483 0.187679
1484 0.187679
1485 0.187679
1486 0.187679
1487 0.187679
1488 0.187679
1489 0.187679
1490 0.187678
1491 0.187678
1492 0.187678
1493 0.187678
1494 0.187678
1495 0.187678
1496 0.187678
1497 0.187678
1498 0.187678
1499 0.187677
1500 0.187677
