0 0.499708
1 0.499706
2 0.499703
3 0.499701
4 0.499699
5 0.499697
6 0.499694
7 0.499692
8 0.49969
9 0.499687
10 0.499685
11 0.499682
12 0.49968
13 0.499677
14 0.499675
15 0.499672
16 0.499669
17 0.499666
18 0.499664
19 0.499661
20 0.499658
21 0.499655
22 0.499652
23 0.499649
24 0.499646
25 0.499643
26 0.499639
27 0.499636
28 0.499633
29 0.499629
30 0.499626
31 0.499622
32 0.499619
33 0.499615
34 0.499611
35 0.499608
36 0.499604
37 0.4996
38 0.499596
39 0.499592
40 0.499587
41 0.499583
42 0.499579
43 0.499574
44 0.49957
45 0.499565
46 0.49956
47 0.499555
48 0.49955
49 0.499545
50 0.49954
51 0.499535
52 0.499529
53 0.499524
54 0.499518
55 0.499512
56 0.499506
57 0.4995
58 0.499494
59 0.499487
60 0.499481
61 0.499474
62 0.499467
63 0.49946
64 0.499452
65 0.499445
66 0.499437
67 0.499429
68 0.499421
69 0.499412
70 0.499404
71 0.499395
72 0.499385
73 0.499376
74 0.499366
75 0.499356
76 0.499345
77 0.499334
78 0.499323
79 0.499311
80 0.499299
81 0.499287
82 0.499274
83 0.499261
84 0.499247
85 0.499233
86 0.499218
87 0.499202
88 0.499186
89 0.499169
90 0.499152
91 0.499133
92 0.499114
93 0.499094
94 0.499074
95 0.499052
96 0.499029
97 0.499005
98 0.49898
99 0.498953
100 0.498925
101 0.498896
102 0.498865
103 0.498832
104 0.498797
105 0.49876
106 0.49872
107 0.498678
108 0.498634
109 0.498586
110 0.498535
111 0.498479
112 0.49842
113 0.498356
114 0.498286
115 0.498211
116 0.498128
117 0.498037
118 0.497937
119 0.497827
120 0.497704
121 0.497567
122 0.497413
123 0.497238
124 0.497038
125 0.496807
126 0.496537
127 0.496219
128 0.495838
129 0.495374
130 0.494796
131 0.494057
132 0.493084
133 0.491747
134 0.489807
135 0.486766
136 0.481436
137 0.470324
138 0.440094
139 0.354338
140 0.327402
141 0.293639
142 0.285914
143 0.283054
144 0.255206
145 0.217999
146 0.189905
147 0.179454
148 0.182012
149 0.187182
150 0.191793
151 0.194833
152 0.19616
153 0.196318
154 0.195969
155 0.195497
156 0.195041
157 0.194633
158 0.194275
159 0.19396
160 0.193682
161 0.193434
162 0.193212
163 0.193011
164 0.192827
165 0.19266
166 0.192505
167 0.192362
168 0.192229
169 0.192106
170 0.19199
171 0.191881
172 0.191778
173 0.191682
174 0.19159
175 0.191504
176 0.191421
177 0.191343
178 0.191268
179 0.191197
180 0.191128
181 0.191063
182 0.191
183 0.19094
184 0.190882
185 0.190827
186 0.190773
187 0.190721
188 0.190671
189 0.190623
190 0.190576
191 0.190531
192 0.190488
193 0.190445
194 0.190405
195 0.190365
196 0.190326
197 0.190289
198 0.190252
199 0.190217
200 0.190183
201 0.190149
202 0.190116
203 0.190085
204 0.190054
205 0.190024
206 0.189994
207 0.189966
208 0.189938
209 0.18991
210 0.189884
211 0.189857
212 0.189832
213 0.189807
214 0.189783
215 0.189759
216 0.189736
217 0.189713
218 0.18969
219 0.189669
220 0.189647
221 0.189626
222 0.189606
223 0.189586
224 0.189566
225 0.189546
226 0.189527
227 0.189509
228 0.189491
229 0.189473
230 0.189455
231 0.189438
232 0.189421
233 0.189404
234 0.189388
235 0.189372
236 0.189356
237 0.18934
238 0.189325
239 0.18931
240 0.189295
241 0.189281
242 0.189267
243 0.189252
244 0.189239
245 0.189225
246 0.189212
247 0.189199
248 0.189186
249 0.189173
250 0.18916
251 0.189148
252 0.189136
253 0.189124
254 0.189112
255 0.1891
256 0.189089
257 0.189078
258 0.189066
259 0.189055
260 0.189045
261 0.189034
262 0.189023
263 0.189013
264 0.189003
265 0.188993
266 0.188983
267 0.188973
268 0.188963
269 0.188954
270 0.188944
271 0.188935
272 0.188926
273 0.188917
274 0.188908
275 0.188899
276 0.18889
277 0.188882
278 0.188873
279 0.188865
280 0.188856
281 0.188848
282 0.18884
283 0.188832
284 0.188824
285 0.188816
286 0.188809
287 0.188801
288 0.188793
289 0.188786
290 0.188779
291 0.188771
292 0.188764
293 0.188757
294 0.18875
295 0.188743
296 0.188736
297 0.18873
298 0.188723
299 0.188716
300 0.18871
301 0.188703
302 0.188697
303 0.18869
304 0.188684
305 0.188678
306 0.188672
307 0.188666
308 0.18866
309 0.188654
310 0.188648
311 0.188642
312 0.188636
313 0.18863
314 0.188625
315 0.188619
316 0.188614
317 0.188608
318 0.188603
319 0.188597
320 0.188592
321 0.188587
322 0.188581
323 0.188576
324 0.188571
325 0.188566
326 0.188561
327 0.188556
328 0.188551
329 0.188546
330 0.188541
331 0.188537
332 0.188532
333 0.188527
334 0.188523
335 0.188518
336 0.188513
337 0.188509
338 0.188504
339 0.1885
340 0.188496
341 0.188491
342 0.188487
343 0.188483
344 0.188478
345 0.188474
346 0.18847
347 0.188466
348 0.188462
349 0.188458
350 0.188454
351 0.18845
352 0.188446
353 0.188442
354 0.188438
355 0.188434
356 0.18843
357 0.188426
358 0.188423
359 0.188419
360 0.188415
361 0.188411
362 0.188408
363 0.188404
364 0.188401
365 0.188397
366 0.188393
367 0.18839
368 0.188386
369 0.188383
370 0.18838
371 0.188376
372 0.188373
373 0.18837
374 0.188366
375 0.188363
376 0.18836
377 0.188356
378 0.188353
379 0.18835
380 0.188347
381 0.188344
382 0.188341
383 0.188338
384 0.188334
385 0.188331
386 0.188328
387 0.188325
388 0.188322
389 0.188319
390 0.188317
391 0.188314
392 0.188311
393 0.188308
394 0.188305
395 0.188302
396 0.188299
397 0.188297
398 0.188294
399 0.188291
400 0.188288
401 0.188286
402 0.188283
403 0.18828
404 0.188278
405 0.188275
406 0.188272
407 0.18827
408 0.188267
409 0.188265
410 0.188262
411 0.18826
412 0.188257
413 0.188255
414 0.188252
415 0.18825
416 0.188247
417 0.188245
418 0.188242
419 0.18824
420 0.188238
421 0.188235
422 0.188233
423 0.18823
424 0.188228
425 0.188226
426 0.188224
427 0.188221
428 0.188219
429 0.188217
430 0.188215
431 0.188212
432 0.18821
433 0.188208
434 0.188206
435 0.188204
436 0.188201
437 0.188199
438 0.188197
439 0.188195
440 0.188193
441 0.188191
442 0.188189
443 0.188187
444 0.188185
445 0.188183
446 0.188181
447 0.188179
448 0.188177
449 0.188175
450 0.188173
451 0.188171
452 0.188169
453 0.188167
454 0.188165
455 0.188163
456 0.188161
457 0.188159
458 0.188157
459 0.188156
460 0.188154
461 0.188152
462 0.18815
463 0.188148
464 0.188146
465 0.188145
466 0.188143
467 0.188141
468 0.188139
469 0.188138
470 0.188136
471 0.188134
472 0.188132
473 0.188131
474 0.188129
475 0.188127
476 0.188126
477 0.188124
478 0.188122
479 0.188121
480 0.188119
481 0.188117
482 0.188116
483 0.188114
484 0.188112
485 0.188111
486 0.188109
487 0.188108
488 0.188106
489 0.188104
490 0.188103
491 0.188101
492 0.1881
493 0.188098
494 0.188097
495 0.188095
496 0.188094
497 0.188092
498 0.188091
499 0.188089
500 0.188088
501 0.188086
502 0.188085
503 0.188083
504 0.188082
505 0.18808
506 0.188079
507 0.188077
508 0.188076
509 0.188075
510 0.188073
511 0.188072
512 0.18807
513 0.188069
514 0.188068
515 0.188066
516 0.188065
517 0.188063
518 0.188062
519 0.188061
520 0.188059
521 0.188058
522 0.188057
523 0.188055
524 0.188054
525 0.188053
526 0.188052
527 0.18805
528 0.188049
529 0.188048
530 0.188046
531 0.188045
532 0.188044
533 0.188043
534 0.188041
535 0.18804
536 0.188039
537 0.188038
538 0.188036
539 0.188035
540 0.188034
541 0.188033
542 0.188032
543 0.18803
544 0.188029
545 0.188028
546 0.188027
547 0.188026
548 0.188024
549 0.188023
550 0.188022
551 0.188021
552 0.18802
553 0.188019
554 0.188018
555 0.188016
556 0.188015
557 0.188014
558 0.188013
559 0.188012
560 0.188011
561 0.18801
562 0.188009
563 0.188007
564 0.188006
565 0.188005
566 0.188004
567 0.188003
568 0.188002
569 0.188001
570 0.188
571 0.187999
572 0.187998
573 0.187997
574 0.187996
575 0.187995
576 0.187994
577 0.187993
578 0.187992
579 0.187991
580 0.18799
581 0.187989
582 0.187988
583 0.187987
584 0.187986
585 0.187985
586 0.187984
587 0.187983
588 0.187982
589 0.187981
590 0.18798
591 0.187979
592 0.187978
593 0.187977
594 0.187976
595 0.187975
596 0.187974
597 0.187973
598 0.187972
599 0.187971
600 0.18797
601 0.187969
602 0.187968
603 0.187967
604 0.187967
605 0.187966
606 0.187965
607 0.187964
608 0.187963
609 0.187962
610 0.187961
611 0.18796
612 0.187959
613 0.187958
614 0.187958
615 0.187957
616 0.187956
617 0.187955
618 0.187954
619 0.187953
620 0.187952
621 0.187952
622 0.187951
623 0.18795
624 0.187949
625 0.187948
626 0.187947
627 0.187946
628 0.187946
629 0.187945
630 0.187944
631 0.187943
632 0.187942
633 0.187942
634 0.187941
635 0.18794
636 0.187939
637 0.187938
638 0.187937
639 0.187937
640 0.187936
641 0.187935
642 0.187934
643 0.187934
644 0.187933
645 0.187932
646 0.187931
647 0.18793
648 0.18793
649 0.187929
650 0.187928
651 0.187927
652 0.187927
653 0.187926
654 0.187925
655 0.187924
656 0.187924
657 0.187923
658 0.187922
659 0.187921
660 0.187921
661 0.18792
662 0.187919
663 0.187918
664 0.187918
665 0.187917
666 0.187916
667 0.187916
668 0.187915
669 0.187914
670 0.187913
671 0.187913
672 0.187912
673 0.187911
674 0.187911
675 0.18791
676 0.187909
677 0.187909
678 0.187908
679 0.187907
680 0.187906
681 0.187906
682 0.187905
683 0.187904
684 0.187904
685 0.187903
686 0.187902
687 0.187902
688 0.187901
689 0.1879
690 0.1879
691 0.187899
692 0.187898
693 0.187898
694 0.187897
695 0.187896
696 0.187896
697 0.187895
698 0.187895
699 0.187894
700 0.187893
701 0.187893
702 0.187892
703 0.187891
704 0.187891
705 0.18789
706 0.187889
707 0.187889
708 0.187888
709 0.187888
710 0.187887
711 0.187886
712 0.187886
713 0.187885
714 0.187885
715 0.187884
716 0.187883
717 0.187883
718 0.187882
719 0.187882
720 0.187881
721 0.18788
722 0.18788
723 0.187879
724 0.187879
725 0.187878
726 0.187877
727 0.187877
728 0.187876
729 0.187876
730 0.187875
731 0.187875
732 0.187874
733 0.187873
734 0.187873
735 0.187872
736 0.187872
737 0.187871
738 0.187871
739 0.18787
740 0.187869
741 0.187869
742 0.187868
743 0.187868
744 0.187867
745 0.187867
746 0.187866
747 0.187866
748 0.187865
749 0.187864
750 0.187864
751 0.187863
752 0.187863
753 0.187862
754 0.187862
755 0.187861
756 0.187861
757 0.18786
758 0.18786
759 0.187859
760 0.187859
761 0.187858
762 0.187858
763 0.187857
764 0.187857
765 0.187856
766 0.187855
767 0.187855
768 0.187854
769 0.187854
770 0.187853
771 0.187853
772 0.187852
773 0.187852
774 0.187851
775 0.187851
776 0.18785
777 0.18785
778 0.187849
779 0.187849
780 0.187848
781 0.187848
782 0.187847
783 0.187847
784 0.187847
785 0.187846
786 0.187846
787 0.187845
788 0.187845
789 0.187844
790 0.187844
791 0.187843
792 0.187843
793 0.187842
794 0.187842
795 0.187841
796 0.187841
797 0.18784
798 0.18784
799 0.187839
800 0.187839
801 0.187838
802 0.187838
803 0.187838
804 0.187837
805 0.187837
806 0.187836
807 0.187836
808 0.187835
809 0.187835
810 0.187834
811 0.187834
812 0.187833
813 0.187833
814 0.187833
815 0.187832
816 0.187832
817 0.187831
818 0.187831
819 0.18783
820 0.18783
821 0.187829
822 0.187829
823 0.187829
824 0.187828
825 0.187828
826 0.187827
827 0.187827
828 0.187826
829 0.187826
830 0.187826
831 0.187825
832 0.187825
833 0.187824
834 0.187824
835 0.187823
836 0.187823
837 0.187823
838 0.187822
839 0.187822
840 0.187821
841 0.187821
842 0.187821
843 0.18782
844 0.18782
845 0.187819
846 0.187819
847 0.187819
848 0.187818
849 0.187818
850 0.187817
851 0.187817
852 0.187817
853 0.187816
854 0.187816
855 0.187815
856 0.187815
857 0.187815
858 0.187814
859 0.187814
860 0.187813
861 0.187813
862 0.187813
863 0.187812
864 0.187812
865 0.187811
866 0.187811
867 0.187811
868 0.18781
869 0.18781
870 0.187809
871 0.187809
872 0.187809
873 0.187808
874 0.187808
875 0.187808
876 0.187807
877 0.187807
878 0.187806
879 0.187806
880 0.187806
881 0.187805
882 0.187805
883 0.187805
884 0.187804
885 0.187804
886 0.187804
887 0.187803
888 0.187803
889 0.187802
890 0.187802
891 0.187802
892 0.187801
893 0.187801
894 0.187801
895 0.1878
896 0.1878
897 0.1878
898 0.187799
899 0.187799
900 0.187799
901 0.187798
902 0.187798
903 0.187797
904 0.187797
905 0.187797
906 0.187796
907 0.187796
908 0.187796
909 0.187795
910 0.187795
911 0.187795
912 0.187794
913 0.187794
914 0.187794
915 0.187793
916 0.187793
917 0.187793
918 0.187792
919 0.187792
920 0.187792
921 0.187791
922 0.187791
923 0.187791
924 0.18779
925 0.18779
926 0.18779
927 0.187789
928 0.187789
929 0.187789
930 0.187788
931 0.187788
932 0.187788
933 0.187787
934 0.187787
935 0.187787
936 0.187786
937 0.187786
938 0.187786
939 0.187785
940 0.187785
941 0.187785
942 0.187784
943 0.187784
944 0.187784
945 0.187784
946 0.187783
947 0.187783
948 0.187783
949 0.187782
950 0.187782
951 0.187782
952 0.187781
953 0.187781
954 0.187781
955 0.18778
956 0.18778
957 0.18778
958 0.187779
959 0.187779
960 0.187779
961 0.187779
962 0.187778
963 0.187778
964 0.187778
965 0.187777
966 0.187777
967 0.187777
968 0.187776
969 0.187776
970 0.187776
971 0.187776
972 0.187775
973 0.187775
974 0.187775
975 0.187774
976 0.187774
977 0.187774
978 0.187774
979 0.187773
980 0.187773
981 0.187773
982 0.187772
983 0.187772
984 0.187772
985 0.187772
986 0.187771
987 0.187771
988 0.187771
989 0.18777
990 0.18777
991 0.18777
992 0.18777
993 0.187769
994 0.187769
995 0.187769
996 0.187768
997 0.187768
998 0.187768
999 0.187768
1000 0.187767
1001 0.187767
1002 0.187767
1003 0.187766
1004 0.187766
1005 0.187766
1006 0.187766
1007 0.187765
1008 0.187765
1009 0.187765
1010 0.187765
1011 0.187764
1012 0.187764
1013 0.187764
1014 0.187763
1015 0.187763
1016 0.187763
1017 0.187763
1018 0.187762
1019 0.187762
1020 0.187762
1021 0.187762
1022 0.187761
1023 0.187761
1024 0.187761
1025 0.187761
1026 0.18776
1027 0.18776
1028 0.18776
1029 0.18776
1030 0.187759
1031 0.187759
1032 0.187759
1033 0.187759
1034 0.187758
1035 0.187758
1036 0.187758
1037 0.187757
1038 0.187757
1039 0.187757
1040 0.187757
1041 0.187756
1042 0.187756
1043 0.187756
1044 0.187756
1045 0.187755
1046 0.187755
1047 0.187755
1048 0.187755
1049 0.187754
1050 0.187754
1051 0.187754
1052 0.187754
1053 0.187753
1054 0.187753
1055 0.187753
1056 0.187753
1057 0.187752
1058 0.187752
1059 0.187752
1060 0.187752
1061 0.187752
1062 0.187751
1063 0.187751
1064 0.187751
1065 0.187751
1066 0.18775
1067 0.18775
1068 0.18775
1069 0.18775
1070 0.187749
1071 0.187749
1072 0.187749
1073 0.187749
1074 0.187748
1075 0.187748
1076 0.187748
1077 0.187748
1078 0.187747
1079 0.187747
1080 0.187747
1081 0.187747
1082 0.187747
1083 0.187746
1084 0.187746
1085 0.187746
1086 0.187746
1087 0.187745
1088 0.187745
1089 0.187745
1090 0.187745
1091 0.187744
1092 0.187744
1093 0.187744
1094 0.187744
1095 0.187744
1096 0.187743
1097 0.187743
1098 0.187743
1099 0.187743
1100 0.187742
1101 0.187742
1102 0.187742
1103 0.187742
1104 0.187742
1105 0.187741
1106 0.187741
1107 0.187741
1108 0.187741
1109 0.18774
1110 0.18774
1111 0.18774
1112 0.18774
1113 0.18774
1114 0.187739
1115 0.187739
1116 0.187739
1117 0.187739
1118 0.187739
1119 0.187738
1120 0.187738
1121 0.187738
1122 0.187738
1123 0.187737
1124 0.187737
1125 0.187737
1126 0.187737
1127 0.187737
1128 0.187736
1129 0.187736
1130 0.187736
1131 0.187736
1132 0.187736
1133 0.187735
1134 0.187735
1135 0.187735
1136 0.187735
1137 0.187735
1138 0.187734
1139 0.187734
1140 0.187734
1141 0.187734
1142 0.187733
1143 0.187733
1144 0.187733
1145 0.187733
1146 0.187733
1147 0.187732
1148 0.187732
1149 0.187732
1150 0.187732
1151 0.187732
1152 0.187731
1153 0.187731
1154 0.187731
1155 0.187731
1156 0.187731
1157 0.18773
1158 0.18773
1159 0.18773
1160 0.18773
1161 0.18773
1162 0.187729
1163 0.187729
1164 0.187729
1165 0.187729
1166 0.187729
1167 0.187728
1168 0.187728
1169 0.187728
1170 0.187728
1171 0.187728
1172 0.187728
1173 0.187727
1174 0.187727
1175 0.187727
1176 0.187727
1177 0.187727
1178 0.187726
1179 0.187726
1180 0.187726
1181 0.187726
1182 0.187726
1183 0.187725
1184 0.187725
1185 0.187725
1186 0.187725
1187 0.187725
1188 0.187724
1189 0.187724
1190 0.187724
1191 0.187724
1192 0.187724
1193 0.187724
1194 0.187723
1195 0.187723
1196 0.187723
1197 0.187723
1198 0.187723
1199 0.187722
1200 0.187722
1201 0.187722
1202 0.187722
1203 0.187722
1204 0.187722
1205 0.187721
1206 0.187721
1207 0.187721
1208 0.187721
1209 0.187721
1210 0.18772
1211 0.18772
1212 0.18772
1213 0.18772
1214 0.18772
1215 0.18772
1216 0.187719
1217 0.187719
1218 0.187719
1219 0.187719
1220 0.187719
1221 0.187718
1222 0.187718
1223 0.187718
1224 0.187718
1225 0.187718
1226 0.187718
1227 0.187717
1228 0.187717
1229 0.187717
1230 0.187717
1231 0.187717
1232 0.187717
1233 0.187716
1234 0.187716
1235 0.187716
1236 0.187716
1237 0.187716
1238 0.187716
1239 0.187715
1240 0.187715
1241 0.187715
1242 0.187715
1243 0.187715
1244 0.187714
1245 0.187714
1246 0.187714
1247 0.187714
1248 0.187714
1249 0.187714
1250 0.187713
1251 0.187713
1252 0.187713
1253 0.187713
1254 0.187713
1255 0.187713
1256 0.187712
1257 0.187712
1258 0.187712
1259 0.187712
1260 0.187712
1261 0.187712
1262 0.187711
1263 0.187711
1264 0.187711
1265 0.187711
1266 0.187711
1267 0.187711
1268 0.18771
1269 0.18771
1270 0.18771
1271 0.18771
1272 0.18771
1273 0.18771
1274 0.18771
1275 0.187709
1276 0.187709
1277 0.187709
1278 0.187709
1279 0.187709
1280 0.187709
1281 0.187708
1282 0.187708
1283 0.187708
1284 0.187708
1285 0.187708
1286 0.187708
1287 0.187707
1288 0.187707
1289 0.187707
1290 0.187707
1291 0.187707
1292 0.187707
1293 0.187707
1294 0.187706
1295 0.187706
1296 0.187706
1297 0.187706
1298 0.187706
1299 0.187706
1300 0.187705
1301 0.187705
1302 0.187705
1303 0.187705
1304 0.187705
1305 0.187705
1306 0.187705
1307 0.187704
1308 0.187704
1309 0.187704
1310 0.187704
1311 0.187704
1312 0.187704
1313 0.187703
1314 0.187703
1315 0.187703
1316 0.187703
1317 0.187703
1318 0.187703
1319 0.187703
1320 0.187702
1321 0.187702
1322 0.187702
1323 0.187702
1324 0.187702
1325 0.187702
1326 0.187702
1327 0.187701
1328 0.187701
1329 0.187701
1330 0.187701
1331 0.187701
1332 0.187701
1333 0.187701
1334 0.1877
1335 0.1877
1336 0.1877
1337 0.1877
1338 0.1877
1339 0.1877
1340 0.1877
1341 0.187699
1342 0.187699
1343 0.187699
1344 0.187699
1345 0.187699
1346 0.187699
1347 0.187699
1348 0.187698
1349 0.187698
1350 0.187698
1351 0.187698
1352 0.187698
1353 0.187698
1354 0.187698
1355 0.187697
1356 0.187697
1357 0.187697
1358 0.187697
1359 0.187697
1360 0.187697
1361 0.187697
1362 0.187696
1363 0.187696
1364 0.187696
1365 0.187696
1366 0.187696
1367 0.187696
1368 0.187696
1369 0.187695
1370 0.187695
1371 0.187695
1372 0.187695
1373 0.187695
1374 0.187695
1375 0.187695
1376 0.187694
1377 0.187694
1378 0.187694
1379 0.187694
1380 0.187694
1381 0.187694
1382 0.187694
1383 0.187694
1384 0.187693
1385 0.187693
1386 0.187693
1387 0.187693
1388 0.187693
1389 0.187693
1390 0.187693
1391 0.187692
1392 0.187692
1393 0.187692
1394 0.187692
1395 0.187692
1396 0.187692
1397 0.187692
1398 0.187692
1399 0.187691
1400 0.187691
1401 0.187691
1402 0.187691
1403 0.187691
1404 0.187691
1405 0.187691
1406 0.187691
1407 0.18769
1408 0.18769
1409 0.18769
1410 0.18769
1411 0.18769
1412 0.18769
1413 0.18769
1414 0.187689
1415 0.187689
1416 0.187689
1417 0.187689
1418 0.187689
1419 0.187689
1420 0.187689
1421 0.187689
1422 0.187688
1423 0.187688
1424 0.187688
1425 0.187688
1426 0.187688
1427 0.187688
1428 0.187688
1429 0.187688
1430 0.187687
1431 0.187687
1432 0.187687
1433 0.187687
1434 0.187687
1435 0.187687
1436 0.187687
1437 0.187687
1438 0.187686
1439 0.187686
1440 0.187686
1441 0.187686
1442 0.187686
1443 0.187686
1444 0.187686
1445 0.187686
1446 0.187685
1447 0.187685
1448 0.187685
1449 0.187685
1450 0.187685
1451 0.187685
1452 0.187685
1453 0.187685
1454 0.187685
1455 0.187684
1456 0.187684
1457 0.187684
1458 0.187684
1459 0.187684
1460 0.187684
1461 0.187684
1462 0.187684
1463 0.187683
1464 0.187683
1465 0.187683
1466 0.187683
1467 0.187683
1468 0.187683
1469 0.187683
1470 0.187683
1471 0.187683
1472 0.187682
1473 0.187682
1474 0.187682
1475 0.187682
1476 0.187682
1477 0.187682
1478 0.187682
1479 0.187682
1480 0.187681
1481 0.187681
1482 0.187681
1483 0.187681
1484 0.187681
1485 0.187681
1486 0.187681
1487 0.187681
1488 0.187681
1489 0.18768
1490 0.18768
1491 0.18768
1492 0.18768
1493 0.18768
1494 0.18768
1495 0.18768
1496 0.18768
1497 0.18768
1498 0.187679
1499 0.187679
1500 0.187679
