0 1.31719
1 1.19251
2 1.58839
3 1.51426
4 1.12631
5 1.31065
6 1.41554
7 1.3427
8 1.13932
9 1.22759
10 1.34382
11 1.31305
12 1.15099
13 1.15516
14 1.22462
15 1.20839
16 1.12187
17 1.11389
18 1.14072
19 1.13262
20 1.09745
21 1.09057
22 1.10212
23 1.09805
24 1.08078
25 1.07591
26 1.08165
27 1.07949
28 1.06938
29 1.06576
30 1.06888
31 1.06769
32 1.061
33 1.05822
34 1.06
35 1.05932
36 1.05453
37 1.05232
38 1.05336
39 1.05297
40 1.04934
41 1.04756
42 1.04816
43 1.04794
44 1.04509
45 1.04361
46 1.04395
47 1.04384
48 1.04152
49 1.04028
50 1.04046
51 1.04041
52 1.03848
53 1.03743
54 1.0375
55 1.03749
56 1.03586
57 1.03496
58 1.03496
59 1.03497
60 1.03357
61 1.03279
62 1.03275
63 1.03278
64 1.03156
65 1.03088
66 1.03081
67 1.03084
68 1.02977
69 1.02917
70 1.02908
71 1.02912
72 1.02818
73 1.02764
74 1.02754
75 1.02758
76 1.02674
77 1.02627
78 1.02616
79 1.0262
80 1.02544
81 1.02502
82 1.0249
83 1.02495
84 1.02426
85 1.02388
86 1.02376
87 1.02381
88 1.02318
89 1.02284
90 1.02272
91 1.02277
92 1.0222
93 1.02188
94 1.02177
95 1.02181
96 1.02129
97 1.021
98 1.02089
99 1.02093
100 1.02045
101 1.02019
102 1.02008
103 1.02012
104 1.01968
105 1.01943
106 1.01933
107 1.01937
108 1.01896
109 1.01873
110 1.01863
111 1.01867
112 1.01829
113 1.01808
114 1.01798
115 1.01801
116 1.01766
117 1.01747
118 1.01738
119 1.01741
120 1.01707
121 1.0169
122 1.01681
123 1.01684
124 1.01653
125 1.01636
126 1.01628
127 1.0163
128 1.01601
129 1.01586
130 1.01578
131 1.0158
132 1.01553
133 1.01538
134 1.0153
135 1.01533
136 1.01507
137 1.01493
138 1.01486
139 1.01488
140 1.01464
141 1.01451
142 1.01444
143 1.01446
144 1.01423
145 1.01411
146 1.01404
147 1.01406
148 1.01384
149 1.01373
150 1.01367
151 1.01368
