0 0.753994
1 0.847104
2 0.889572
3 0.613651
4 0.62567
5 0.748579
6 0.827451
7 0.494006
8 0.437076
9 0.619748
10 0.766697
11 0.493202
12 0.412394
13 0.483953
14 0.719411
15 0.488946
16 0.441217
17 0.35628
18 0.66273
19 0.520243
20 0.494037
21 0.27094
22 0.579727
23 0.602056
24 0.587743
25 0.22206
26 0.486887
27 0.619803
28 0.614115
29 0.202717
30 0.366186
31 0.546573
32 0.544852
33 0.184733
34 0.219838
35 0.31134
36 0.311052
37 0.143466
38 0.0943582
39 0.0942559
40 0.0942325
41 0.0689185
42 0.051016
43 0.0561624
44 0.0561562
45 0.048724
46 0.0462735
47 0.0501018
48 0.0500976
49 0.0440843
50 0.0426781
51 0.0458226
52 0.0458197
53 0.0408018
54 0.0399131
55 0.0425247
56 0.0425225
57 0.0382474
58 0.0376365
59 0.0398337
60 0.0398321
61 0.0361409
62 0.0356932
63 0.0375616
64 0.0375603
65 0.0343412
66 0.0339956
67 0.0355987
68 0.0355977
69 0.0327671
70 0.0324887
71 0.033875
72 0.0338742
73 0.0313678
74 0.0311354
75 0.0323425
76 0.0323418
77 0.0301087
78 0.0299091
79 0.0309664
80 0.0309659
81 0.0289654
82 0.0287898
83 0.029721
84 0.0297205
85 0.0279195
86 0.0277622
87 0.0285862
88 0.0285858
89 0.026957
90 0.026814
91 0.0275464
92 0.0275461
93 0.0260669
94 0.0259353
95 0.0265889
96 0.0265886
97 0.0252403
98 0.025118
99 0.0257034
100 0.0257031
101 0.0244698
102 0.0243554
103 0.0248813
104 0.0248811
105 0.0237493
106 0.0236415
107 0.0241155
108 0.0241153
109 0.0230735
110 0.0229716
111 0.0234
112 0.0233998
113 0.0224382
114 0.0223414
115 0.0227295
116 0.0227294
117 0.0218395
118 0.0217472
119 0.0220997
120 0.0220996
121 0.0212741
122 0.0211859
123 0.0215067
124 0.0215066
125 0.020739
126 0.0206546
127 0.0209472
128 0.0209471
129 0.0202319
130 0.0201508
131 0.0204182
132 0.0204181
133 0.0197503
134 0.0196724
135 0.0199172
136 0.0199171
137 0.0192924
138 0.0192174
139 0.0194418
140 0.0194417
141 0.0188562
142 0.0187839
143 0.0189901
144 0.01899
145 0.0184403
146 0.0183706
147 0.0185601
148 0.0185601
149 0.0180432
150 0.0179759
151 0.0181504
